"0" "1" "2" "3" "4" "5" "6" "7" "8" "9" "10" "11" "12" "13"
"PD44580_1" 0.0031959649122807 0.48276298245614 0.000585789473684211 0.00489631578947368 0.260930877192982 0.230504736842105 0.00449315789473684 0.0102519298245614 0.00209315789473684 0.000194385964912281 3.33333333333333e-06 1.50877192982456e-05 1.14035087719298e-05 6.08771929824561e-05
"PD44580_10" 0.00403526315789474 0.612584210526316 0.00793578947368421 0.0221264912280702 0.137104561403509 0.183575438596491 0.0247387719298246 0.00632754385964912 0.00124333333333333 0.000268245614035088 5.26315789473684e-07 2.29824561403509e-05 1e-05 2.68421052631579e-05
"PD44580_11" 0.00251036364590439 0.541919504643963 0.000714698011229469 0.00526866768116703 0.223608385370205 0.209913942383376 0.00567665424778297 0.0088846618040615 0.0012423256546151 0.000223277535813612 2.36133704150706e-06 4.19793251823477e-06 9.44534816602823e-06 2.15144041559532e-05
"PD44580_12" 0.00215247420877776 0.609463192865886 0.00196421285772571 0.00466281984029842 0.226466748266014 0.13562569213732 0.00876493559480096 0.00890248878008976 0.00175380311243224 0.000191175613452235 5.24567232033572e-06 1.86512793611937e-05 8.15993472052223e-06 2.03998368013056e-05
"PD44580_13" 0.00367508771929825 0.60614 0.000830175438596491 0.00661824561403509 0.218170877192982 0.147254385964912 0.00701929824561404 0.0086419298245614 0.00120263157894737 0.000397719298245614 2.80701754385965e-06 8.59649122807018e-06 3.15789473684211e-06 3.50877192982456e-05
"PD44580_14" 0.0296649122807018 0.652922631578947 0.000101052631578947 0.112602631578947 0.0635040350877193 0.115529122807018 0.0209231578947368 0.00198087719298246 0.00057140350877193 0.000755087719298246 1.45614035087719e-05 0.00109228070175439 8.94736842105263e-06 0.000329298245614035
"PD44580_15" 0.0439301754385965 0.628658245614035 0.000159473684210526 0.160360350877193 0.0459638596491228 0.0865298245614035 0.0308489473684211 0.00162666666666667 0.00081859649122807 0.000311578947368421 5.78947368421053e-06 0.000356491228070175 5.08771929824561e-06 0.000424912280701754
"PD44580_16" 0.0360208771929825 0.623044912280702 7.84210526315789e-05 0.117719649122807 0.0403166666666667 0.099579649122807 0.0799470175438596 0.00106035087719298 0.00071280701754386 0.000310877192982456 3.68421052631579e-06 0.000742982456140351 3.50877192982456e-07 0.000461754385964912
"PD44580_17" 0.0215050877192982 0.664568596491228 0.000393333333333333 0.0961731578947368 0.0472329824561403 0.144762105263158 0.0211484210526316 0.00180421052631579 0.000752631578947368 0.000848947368421053 1.87719298245614e-05 0.000494912280701754 4.3859649122807e-06 0.000292456140350877
"PD44580_18" 0.0140531578947368 0.699663684210526 0.000299649122807018 0.105887719298246 0.0613070175438597 0.0801726315789474 0.0350571929824561 0.00223210526315789 0.000384736842105263 0.000778421052631579 3.50877192982456e-05 6.64912280701754e-05 2.10526315789474e-05 4.10526315789474e-05
"PD44580_2" 0.0129316503929507 0.453161467015956 0.000902595856156228 0.0123124553465111 0.239884496308645 0.252853060252441 0.00995951417004049 0.0105334603477018 0.00671826625386997 0.000401286020481067 2.38151940938319e-05 7.0254822576804e-05 4.88211478923553e-05 0.000198856870683496
"PD44580_21" 0.00574982456140351 0.63371350877193 0.000291052631578947 0.0292478947368421 0.139557543859649 0.154761754385965 0.00842842105263158 0.0052 0.0226119298245614 0.000375438596491228 7.36842105263158e-06 3.43859649122807e-05 5.96491228070175e-06 1.49122807017544e-05
"PD44580_22" 0.00333666666666667 0.470042105263158 0.00039859649122807 0.024679649122807 0.289728421052632 0.190841929824561 0.00806578947368421 0.0114861403508772 0.000869824561403509 0.000505263157894737 2.28070175438596e-06 7.19298245614035e-06 1.40350877192982e-06 3.47368421052632e-05
"PD44580_23" 0.00678070175438597 0.431761578947368 0.000286842105263158 0.00914543859649123 0.269694035087719 0.263147719298246 0.0071740350877193 0.010749298245614 0.000580175438596491 0.000344912280701754 1.05263157894737e-06 0.000124385964912281 3.33333333333333e-05 0.000176491228070175
"PD44580_24" 0.00576647930505876 0.485160449667859 0.00240929994890138 0.00341798671435871 0.244382217680123 0.238081246806336 0.00801226366888094 0.0106852324987225 0.00156259580991313 0.000391415431783342 5.10986203372509e-06 6.13183444047011e-06 7.00051098620337e-05 4.95656617271334e-05
"PD44580_25" 0.0039119298245614 0.550174210526316 0.000715614035087719 0.00453578947368421 0.227359649122807 0.188668245614035 0.0142454385964912 0.00762175438596491 0.00170157894736842 0.00103789473684211 3.50877192982456e-07 1.14035087719298e-05 4.73684210526316e-06 1.14035087719298e-05
"PD44580_26" 0.00256824561403509 0.504011929824561 0.000388070175438597 0.0110414035087719 0.285142280701754 0.180279298245614 0.00400087719298246 0.0118866666666667 0.000406315789473684 8.70175438596491e-05 7.01754385964912e-07 9.70175438596491e-05 7.40350877192982e-05 1.6140350877193e-05
"PD44580_27" 0.00265578947368421 0.474014385964912 0.000385438596491228 0.010820701754386 0.301874736842105 0.192869298245614 0.00450438596491228 0.0122517543859649 0.000470877192982456 0.000116491228070175 1.92982456140351e-06 7.36842105263158e-06 1.68421052631579e-05 1e-05
"PD44580_28" 0.00409 0.619988947368421 0.000758421052631579 0.0241594736842105 0.214254035087719 0.09645 0.0113873684210526 0.0101880701754386 0.0182170175438597 0.000455087719298246 1.80701754385965e-05 1.24561403508772e-05 1.75438596491228e-07 2.08771929824561e-05
"PD44580_29" 0.00299543859649123 0.587098596491228 0.000663508771929825 0.00535035087719298 0.216972807017544 0.165756842105263 0.012109649122807 0.00754701754385965 0.000634912280701754 0.000846315789473684 0 8.59649122807018e-06 1.14035087719298e-05 4.56140350877193e-06
"PD44580_3" 0.0022795332765787 0.540690069607892 0.000535830537332866 0.00510491261455256 0.240937453052231 0.194148430066603 0.00447243227001853 0.0107126045370324 0.000885873103310131 0.000196304271621013 5.00776203114828e-07 1.25194050778707e-05 2.00310481245931e-05 3.5054334218038e-06
"PD44580_30" 0.0144760874789714 0.55700833133061 0.000361291356244492 0.0150268364976368 0.21872887126492 0.141717535848754 0.0411938236000961 0.00851237683249219 0.00204478090202676 0.000656492830249139 6.8092605944084e-06 0.000237322758952175 8.01089481695105e-06 2.14291436353441e-05
"PD44580_31" 0.0047740350877193 0.525080350877193 0.00298438596491228 0.0100935087719298 0.28782701754386 0.150764561403509 0.0044719298245614 0.0131389473684211 0.000544561403508772 0.000254385964912281 1.75438596491228e-07 5.6140350877193e-06 3.52631578947368e-05 2.52631578947368e-05
"PD44580_32" 0.00691678520625889 0.50149359886202 0.00101706970128023 0.0496088193456615 0.333577524893314 0.0746870554765292 0.0114900426742532 0.0192140825035562 0.00106330014224751 0.000718349928876245 7.11237553342817e-06 0.000117354196301565 1.77809388335704e-05 7.11237553342817e-05
"PD44580_33" 0.0074940350877193 0.689770175438597 0.000163684210526316 0.0815510526315789 0.054119298245614 0.0795814035087719 0.0212019298245614 0.00188543859649123 0.0635475438596491 0.000515438596491228 1.12280701754386e-05 0.000132105263157895 4.73684210526316e-06 2.19298245614035e-05
"PD44580_34" 0.0155008326184589 0.451736892566988 0.000387546046323863 0.0132805167280618 0.0892471110662562 0.132753191704092 0.0121809557450674 0.00352878841398799 0.280644900842711 0.000572740576272897 5.0461724781753e-07 0.000106978856537316 9.58772770853308e-06 4.9452490286118e-05
"PD44580_35" 0.0147846889952153 0.6661302015369 0.000487168334058286 0.0392750471219371 0.0876598521096129 0.131568798028128 0.0522154559953603 0.00330143540669856 0.00272437291576048 0.000849644773089749 0.000110192837465565 0.000759750616209946 2.8998115122517e-06 0.000130491518051327
"PD44580_4" 0.00691096901131333 0.442208886702738 0.000691260862436465 0.0112864404000656 0.273361534677816 0.240735858337432 0.0120764059681915 0.0111044433513691 0.00118183308739138 0.00029021151008362 1.5084440072143e-05 3.96786358419413e-05 1.31169044105591e-05 8.42761108378423e-05
"PD44580_5" 0.00341527687531586 0.472034871128438 0.000376146126633456 0.00555411161648978 0.274824561403509 0.217648184246625 0.00559598584939716 0.0107017543859649 0.00957656486896253 0.000233918128654971 3.60984766442856e-07 1.91321926214714e-05 5.41477149664284e-06 1.37174211248285e-05
"PD44580_6" 0.00435931013345964 0.485382686467359 0.000235992310049873 0.0153289125407484 0.228054108272269 0.248358362820763 0.00789167200690981 0.00966509709955142 0.000303418684349837 0.000339918085313867 2.50759243264328e-06 1.14234766375972e-05 1.86676325541222e-05 4.79228776016272e-05
"PD44580_7" 0.00284508771929825 0.492955964912281 0.000610526315789474 0.00613947368421053 0.253732105263158 0.222912280701754 0.00628491228070175 0.00968771929824561 0.00460649122807018 0.000185964912280702 5.26315789473684e-07 7.54385964912281e-06 2.29824561403509e-05 8.42105263157895e-06
"PD44580_8" 0.0058140350877193 0.484626666666667 0.000344210526315789 0.0119331578947368 0.26601350877193 0.207453333333333 0.00919 0.0103984210526316 0.00385982456140351 0.000291052631578947 1.75438596491228e-07 3.47368421052632e-05 4.91228070175439e-06 3.59649122807018e-05
"PD44580_9" 0.00841228070175439 0.490954385964912 0.00151017543859649 0.0521447368421053 0.23150649122807 0.196718596491228 0.00767280701754386 0.00870263157894737 0.00192912280701754 0.000344736842105263 2.73684210526316e-05 1.6140350877193e-05 2.15789473684211e-05 3.89473684210526e-05
"PD44581_1" 0.0348580701754386 0.0572177192982456 0.586351578947368 0.226093859649123 0.0206761403508772 0.000865964912280702 0.000858245614035088 0.0659240350877193 0.000149122807017544 0.00471543859649123 5.78947368421053e-06 1.66666666666667e-05 0.00058280701754386 0.00168456140350877
"PD44581_11" 0.00660736842105263 0.0298689473684211 0.636158245614035 0.272322280701754 0.00892894736842105 0.00151456140350877 0.000845789473684211 0.0419968421052632 0.000741929824561404 0.000334736842105263 7.54385964912281e-06 2.07017543859649e-05 1.24561403508772e-05 0.000639649122807018
"PD44581_2" 0.013480701754386 0.0412156140350877 0.650474912280702 0.224474035087719 0.0185828070175439 0.0014840350877193 0.000761052631578947 0.0487017543859649 0.000143508771929825 0.000169473684210526 1.24561403508772e-05 1.24561403508772e-05 1.10526315789474e-05 0.000476140350877193
"PD44581_3" 0.0216459649122807 0.0605626315789474 0.624877192982456 0.241864736842105 0.00656175438596491 0.00117614035087719 0.00166105263157895 0.0397608771929825 0.000624385964912281 0.000236140350877193 1.03508771929825e-05 1.98245614035088e-05 1.73684210526316e-05 0.000981578947368421
"PD44581_4" 0.0720433333333333 0.0152684210526316 0.60074350877193 0.248594736842105 0.00623754385964912 0.00180578947368421 0.000375263157894737 0.0539091228070175 0.000161578947368421 5.21052631578947e-05 1.2280701754386e-05 9.29824561403509e-06 2.35087719298246e-05 0.000763508771929825
"PD44581_5" 0.00804245614035088 0.0507945614035088 0.628030350877193 0.249411754385965 0.0143710526315789 0.00189754385964912 0.000711578947368421 0.0457005263157895 0.00019719298245614 0.000301929824561404 1.47368421052632e-05 1.05263157894737e-05 5.45614035087719e-05 0.000461228070175439
"PD44581_6" 0.0367140350877193 0.0553275438596491 0.667343684210526 0.187844385964912 0.0146510526315789 0.000805789473684211 0.00110789473684211 0.0355917543859649 7.31578947368421e-05 0.00015859649122807 6.49122807017544e-06 1.66666666666667e-05 4.54385964912281e-05 0.000313508771929825
"PD44581_8" 0.00828843762950684 0.0236738499792789 0.623653128885205 0.188313302942395 0.014983423124741 0.00142146705346042 0.000518027351844177 0.135060091172814 0.000876502279320348 0.000323249067550767 3.10816411106506e-05 2.90095317032739e-05 3.31537505180274e-05 0.00279527559055118
"PD44582_1" 0.130171612541993 0.00405879059350504 0.554159014557671 0.278216125419933 0.00117441209406495 0.0205758678611422 0.000662653975363942 0.00882334826427772 0.000103583426651736 0.00174440089585666 6.27099664053751e-05 4.81522956326988e-05 0.000114221724524076 8.51063829787234e-05
"PD44582_10" 0.0873717543859649 0.0128759649122807 0.473710526315789 0.348324912280702 0.00240333333333333 0.0163833333333333 0.000848245614035088 0.0500628070175439 5.15789473684211e-05 0.00656035087719298 3.14035087719298e-05 1.33333333333333e-05 2.98245614035088e-05 0.00133263157894737
"PD44582_11" 0.0806083554209264 0.010728259497665 0.510679035718793 0.333388867853086 0.00449072321090496 0.0363019058437461 0.00111321469140477 0.021469140477092 0.000287769784172662 0.000647482014388489 3.53401489334848e-05 5.04859270478354e-05 7.19424460431655e-05 0.000127476965795784
"PD44582_2" 0.0841933287950987 0.00563863709648526 0.586531116764 0.250141162982337 0.00185016660098169 0.0283062233528 0.000278205725341263 0.0419741320626276 5.48170972018201e-05 0.000282863387195013 7.43434488194619e-05 1.54061122854788e-05 0.00011267958869263 0.000546916986134499
"PD44582_3" 0.182783436715557 0.00759351077733751 0.496224093936062 0.247087940584611 0.00253552683442939 0.0461469203161629 0.000919444847831048 0.0131008443457876 9.85415845486795e-05 0.00308632242806464 7.05350289401075e-06 0.000162645478497189 7.88332676389436e-05 0.000174885380577972
"PD44582_4" 0.150784736842105 0.00687263157894737 0.448116140350877 0.347407543859649 0.00172526315789474 0.015139298245614 0.000588771929824561 0.028509298245614 7.08771929824561e-05 0.000401228070175439 7.54385964912281e-06 1.80701754385965e-05 7.10526315789474e-05 0.000287543859649123
"PD44582_5" 0.0764080701754386 0.00917982456140351 0.48490649122807 0.361838596491228 0.0031119298245614 0.0401798245614035 0.000776491228070175 0.0216759649122807 0.000159473684210526 0.00153421052631579 5.26315789473684e-06 2.91228070175439e-05 5.14035087719298e-05 0.000143333333333333
"PD44582_6" 0.0925001754385965 0.00904561403508772 0.550451578947368 0.314662631578947 0.00174298245614035 0.0207636842105263 0.000456140350877193 0.00683789473684211 0.000121578947368421 0.00304877192982456 2.91228070175439e-05 1.2280701754386e-05 0.000261754385964912 6.57894736842105e-05
"PD44582_8" 0.0262237432145386 0.00413736134057116 0.762539532688223 0.141505782393203 0.00199197545433089 0.00616945952324758 0.000363464715600661 0.0553622846353552 0.000217134765164031 0.000453150814255369 1.41609629454803e-05 7.31649752183148e-05 4.48430493273543e-05 0.000903941468019825
"PD44582_9" 0.0388313302942395 0.00476792374637381 0.677942395358475 0.243893493576461 0.00122047244094488 0.0109283050145048 0.000704517198508081 0.020638209697472 0.000178201409034397 0.000372979693327808 8.28843762950684e-05 2.90095317032739e-05 2.90095317032739e-05 0.000381268130957315
"PD44584_1" 0.001285146382873 0.00210878297237981 0.807637169240962 0.102541099010311 0.0212075034162905 0.000420928402832415 0.000147211064640358 0.0632026170855936 0.0010675390285312 6.41848523748395e-05 4.53434924841608e-05 1.0352395544329e-06 1.65638328709263e-06 0.000269783427885213
"PD44584_10" 0.000502280701754386 0.000555438596491228 0.961941052631579 0.0280666666666667 0.00262 0.000410175438596491 0.000156140350877193 0.00468666666666667 0.00100052631578947 2.24561403508772e-05 1.75438596491228e-06 5.6140350877193e-06 8.94736842105263e-06 2.2280701754386e-05
"PD44584_11" 0.00174529374083029 0.000149815055896514 0.961429132312525 0.0290761060483954 0.000428574380592234 0.00201640733163887 8.32765069328209e-05 0.00151612836567272 0.00345773149009154 1.65313165127188e-05 3.71954621536173e-06 1.65313165127188e-06 4.33947058458868e-05 3.22360671998016e-05
"PD44584_12" 0.00282059015734178 0.000270949580254361 0.955450409691851 0.0304285427034635 0.000909113758608556 0.0013379078067662 0.000156336399738602 0.0060438345146534 0.00248177750967677 1.00537877645403e-05 7.79168551751873e-06 8.29437490574574e-06 9.55109837631328e-06 6.48469310812849e-05
"PD44584_13" 0.0258843859649123 0.000335614035087719 0.56461649122807 0.225306666666667 0.000185087719298246 0.000727894736842105 0.000385438596491228 0.00382912280701754 0.177114210526316 0.00128964912280702 2.35087719298246e-05 5.78947368421053e-06 5.43859649122807e-06 0.000290701754385965
"PD44584_14" 0.00840438596491228 0.00208228070175439 0.615588947368421 0.230292280701754 0.00413754385964912 0.000493157894736842 0.000221929824561404 0.0444038596491228 0.0936328070175439 2.71929824561404e-05 2.35087719298246e-05 3.68421052631579e-06 1.57894736842105e-06 0.000686842105263158
"PD44584_15" 0.000658421052631579 8.78947368421053e-05 0.19962298245614 0.00106 0.015960350877193 7.64912280701754e-05 2.98245614035088e-05 0.744114912280702 0.0016459649122807 2.19298245614035e-05 8.59649122807018e-06 8.7719298245614e-07 3.68421052631579e-06 0.0367080701754386
"PD44584_16" 0.000627017543859649 0.000182982456140351 0.222648421052632 0.00094 0.0121085964912281 0.000111754385964912 4.3859649122807e-05 0.723210877192982 0.00189017543859649 4.05263157894737e-05 3.35087719298246e-05 1.75438596491228e-07 2.63157894736842e-06 0.0381594736842105
"PD44584_17" 0.000676315789473684 0.000121754385964912 0.183065438596491 0.00268157894736842 0.0140647368421053 0.000701754385964912 3.07017543859649e-05 0.755557543859649 0.00352456140350877 5.08771929824561e-06 1.75438596491228e-07 5.6140350877193e-06 2.10526315789474e-06 0.0395626315789474
"PD44584_2" 0.000895775483816266 0.0108900523560209 0.821547152214003 0.0955906479852471 0.00438603556817941 0.00162515632617589 0.000666638404307184 0.0563149416028997 0.00762405409415605 6.1258664179579e-05 2.0984801916188e-05 2.75558004960044e-06 4.23935392246222e-07 0.000374122983657291
"PD44584_21" 0.00404385964912281 0.000614035087719298 0.850662280701754 0.0245964912280702 0.00296052631578947 0.000767543859649123 0.000166666666666667 0.104881578947368 0.0063859649122807 1.31578947368421e-05 2.63157894736842e-05 0 0 0.00488157894736842
"PD44584_23" 0.00528754385964912 0.00042719298245614 0.697337894736842 0.213698947368421 0.00157210526315789 0.000664912280701754 4.56140350877193e-05 0.0165517543859649 0.062730350877193 0.00143456140350877 7.01754385964912e-07 0 3.68421052631579e-06 0.000244736842105263
"PD44584_24" 0.00825725026852846 0.0130665950590763 0.843805048335123 0.102457035445757 0.00162996777658432 0.00151987110633727 0.0143421052631579 0.00453007518796992 0.00730665950590763 9.12996777658432e-05 0.00275241675617615 0.000153061224489796 1.34264232008593e-05 7.5187969924812e-05
"PD44584_25" 0.0305050877192982 0.000527894736842105 0.610103859649123 0.182198421052632 0.000699298245614035 0.00217894736842105 0.00207526315789474 0.00197701754385965 0.169533684210526 0.000114035087719298 1.73684210526316e-05 8.42105263157895e-06 1.19298245614035e-05 4.87719298245614e-05
"PD44584_28" 0.00337359792924935 0.00175150992234685 0.774570031636468 0.185792349726776 0.0025625539257981 0.00161921196433707 0.000572332470520564 0.015565142364107 0.0137446074201898 1.15041702617199e-05 7.76531492666091e-05 5.75208513085994e-06 0 0.000353753235547886
"PD44584_29" 0.00296719298245614 0.00091859649122807 0.758209122807018 0.195752105263158 0.0016 0.00291105263157895 0.000149122807017544 0.00352315789473684 0.0338228070175439 6.87719298245614e-05 2.85964912280702e-05 3.68421052631579e-06 9.82456140350877e-06 3.59649122807018e-05
"PD44584_3" 0.00999771929824561 0.00591263157894737 0.552890701754386 0.253433333333333 0.00255508771929825 0.000559649122807018 0.000383684210526316 0.0115747368421053 0.162458421052632 2.71929824561404e-05 1.10526315789474e-05 3.50877192982456e-07 1.05263157894737e-05 0.000184912280701754
"PD44584_30" 0.00232915208814115 0.00161989131243951 0.938020546415544 0.042532010719869 0.00209632993374525 0.00358668949601727 0.000498399464006551 0.00392931586391722 0.00523077495719497 5.4715997915581e-05 2.45663664110772e-05 2.02858631727834e-05 1.99136454998883e-05 3.74078761259585e-05
"PD44584_31" 0.00495134896063689 0.000528527200353826 0.853162317558602 0.0336643078283945 0.0153427686864219 0.000417956656346749 0.00028969482529854 0.0863555948695268 0.00384343210968598 0.000121627598407784 6.63423264042459e-05 1.99026979212738e-05 2.21141088014153e-06 0.00123396727111897
"PD44584_32" 0.00566982456140351 0.00227842105263158 0.177055263157895 0.00383614035087719 0.011879298245614 0.0197750877192982 0.000102631578947368 0.733089824561403 0.00442385964912281 4.21052631578947e-05 2.45614035087719e-06 1.92982456140351e-06 2.47368421052632e-05 0.0418184210526316
"PD44584_33" 0.000304035087719298 0.000177368421052632 0.205344561403509 0.00135982456140351 0.0138180701754386 0.000116140350877193 2.42105263157895e-05 0.736345789473684 0.00487122807017544 1.28070175438596e-05 1.92982456140351e-06 3.50877192982456e-07 0 0.0376236842105263
"PD44584_4" 0.0297871247155546 0.000590912427512295 0.636447184907876 0.243302503119724 0.000471995889304852 0.00152719665271967 0.00020369962563312 0.00199735741026206 0.0854554797034427 0.000137634882184541 1.61491595096528e-05 6.60647434485796e-06 3.30323717242898e-06 5.28517947588637e-05
"PD44584_5" 0.0877961406638809 0.000253063524109113 0.578576928494296 0.205368327151509 0.000322080848866144 0.000516925677261843 8.49805155171604e-05 0.00467721489271797 0.122221231043711 4.69505610592047e-05 2.34752805296023e-06 2.34752805296023e-06 1.17376402648012e-05 0.000119723930700972
"PD44584_6" 0.0400201754385965 0.00225631578947368 0.496695438596491 0.236957192982456 0.000835789473684211 0.000734736842105263 0.00175245614035088 0.00388701754385965 0.216392280701754 0.000346315789473684 1.73684210526316e-05 1.10526315789474e-05 1.40350877192982e-06 9.24561403508772e-05
"PD44584_7" 0.0802589473684211 0.00858982456140351 0.496019824561404 0.214061052631579 0.00197438596491228 0.000622631578947368 0.00034140350877193 0.00485157894736842 0.190163157894737 0.00298614035087719 3.89473684210526e-05 5.08771929824561e-06 3.50877192982456e-05 5.19298245614035e-05
"PD44584_8" 0.0391110526315789 0.00066859649122807 0.553187192982456 0.249085789473684 0.000993333333333333 0.00102298245614035 0.000295438596491228 0.00523824561403509 0.149957368421053 0.000275438596491228 3.91228070175439e-05 1.92982456140351e-06 5.08771929824561e-06 0.000118421052631579
"PD44584_9" 0.00521701754385965 0.000357719298245614 0.650795614035088 0.217842631578947 0.000344210526315789 0.000487368421052632 4.21052631578947e-05 0.00176157894736842 0.123082631578947 2.08771929824561e-05 2.28070175438596e-06 4.3859649122807e-06 1.2280701754386e-06 4.03508771929825e-05
"PD44585_1" 0.0433856140350877 0.00030280701754386 0.653726140350877 0.287328421052632 0.000149824561403509 0.000636315789473684 0.0129919298245614 0.000223333333333333 0.000635438596491228 0.000214912280701754 4.03508771929825e-06 0.000189122807017544 0.000185087719298246 2.70175438596491e-05
"PD44585_10" 0.0195027583122111 0.00188981660951245 0.649329804681676 0.313462054569852 0.000878932458625317 0.00155658267481735 0.0119099448337558 0.000494259728641718 0.000692560011927837 6.70940808110929e-05 2.08737140301178e-05 6.78395705978828e-05 0.000120023855673177 7.45489786789921e-06
"PD44585_2" 0.123741754385965 0.000329122807017544 0.572005614035088 0.28204298245614 0.000168245614035088 0.00110578947368421 0.0189335087719298 0.000153859649122807 0.000979824561403509 0.000128070175438596 3e-05 0.000217719298245614 0.000145087719298246 1.84210526315789e-05
"PD44585_3" 0.0886638596491228 0.00072280701754386 0.632306842105263 0.265399298245614 0.00135701754385965 0.0011980701754386 0.00787385964912281 0.00187105263157895 0.000159649122807018 0.000197017543859649 8.7719298245614e-07 0.000148771929824561 3.75438596491228e-05 6.33333333333333e-05
"PD44585_4" 0.103835964912281 0.000315789473684211 0.57938701754386 0.296832105263158 0.000153508771929825 0.00152456140350877 0.0168452631578947 0.000156491228070175 0.000480877192982456 5.94736842105263e-05 2.98245614035088e-06 0.000210526315789474 0.000194035087719298 1.40350877192982e-06
"PD44585_5" 0.0705778947368421 0.000579649122807018 0.651934210526316 0.266028421052632 0.000417368421052632 0.000621754385964912 0.0084280701754386 0.000650175438596491 0.000162631578947368 0.000386842105263158 2.45614035087719e-06 0.000146140350877193 5.05263157894737e-05 1.3859649122807e-05
"PD44585_6" 0.0848921052631579 0.000470350877192982 0.623031228070175 0.279121929824561 0.000264210526315789 0.000849122807017544 0.00518105263157895 0.000572280701754386 0.0015359649122807 0.00027 2.80701754385965e-06 0.000123333333333333 0.00367526315789474 1.03508771929825e-05
"PD44585_9" 0.0210146198830409 0.00180116959064327 0.738324561403509 0.228204678362573 0.00100877192982456 0.00152631578947368 0.00606432748538012 0.000631578947368421 0.000871345029239766 4.67836257309942e-05 7.60233918128655e-05 9.35672514619883e-05 0.000315789473684211 2.04678362573099e-05
"PD44586_1" 0.0117563157894737 0.826442280701754 0.000185964912280702 0.000565964912280702 0.125985789473684 0.0122214035087719 0.0145480701754386 0.00724280701754386 2.05263157894737e-05 0.000785087719298246 4.98245614035088e-05 0.000126491228070175 6.40350877192982e-05 5.43859649122807e-06
"PD44586_2" 0.0431129824561403 0.822089649122807 0.000236315789473684 0.000918070175438596 0.0919273684210526 0.0132275438596491 0.0189414035087719 0.00763719298245614 0.000391929824561403 0.00137947368421053 2e-05 4.47368421052632e-05 3.3859649122807e-05 3.94736842105263e-05
"PD44586_3" 0.027610701754386 0.786915789473684 0.000242631578947368 0.000349298245614035 0.129302280701754 0.0148356140350877 0.0201717543859649 0.0182994736842105 9.01754385964912e-05 0.00181263157894737 2.85964912280702e-05 9.80701754385965e-05 0.000117017543859649 0.000125964912280702
"PD44586_4" 0.022980350877193 0.809197719298246 0.000206491228070175 0.000479824561403509 0.121336315789474 0.0107240350877193 0.0190028070175439 0.0140649122807018 2.63157894736842e-05 0.00185280701754386 7.01754385964912e-07 2.64912280701754e-05 9.47368421052632e-06 9.17543859649123e-05
"PD44586_5" 0.0357368421052632 0.769112807017544 0.000158947368421053 0.000492105263157895 0.139749122807018 0.0231035087719298 0.0212691228070175 0.00848456140350877 3.52631578947368e-05 0.00176631578947368 2.45614035087719e-06 2.2280701754386e-05 4.63157894736842e-05 2.03508771929825e-05
"PD44586_7" 0.0186495507060334 0.632761232349166 0.00195121951219512 0.000566110397946085 0.28397432605905 0.0163722721437741 0.0144480102695764 0.0290205391527599 0.00013992297817715 0.00136585365853659 0.000146341463414634 0.000288831835686778 7.57381258023107e-05 0.0002400513478819
"PD44586_8" 0.0043681917211329 0.775642701525054 0.000178305240224745 0.000675381263616558 0.171430455223025 0.00816076138057562 0.0164310285517716 0.0216523334479991 5.1026258456599e-05 0.0012962962962963 1.71998624011008e-06 1.26132324274739e-05 2.35064786148377e-05 7.56793945648435e-05
"PD44586_9" 0.0258171929824561 0.832787719298246 0.000195964912280702 0.000660877192982456 0.0982035087719298 0.0110415789473684 0.0209070175438596 0.00892947368421053 9.80701754385965e-05 0.00106912280701754 4.91228070175439e-05 3.19298245614035e-05 0.00019140350877193 1.70175438596491e-05
"PD44587_1" 0.00563666666666667 0.769147192982456 0.000126491228070175 0.031480701754386 0.149808771929825 0.00645491228070175 0.0150550877192982 0.0111298245614035 0.00781421052631579 0.00331473684210526 3.85964912280702e-06 1e-05 1.07017543859649e-05 6.84210526315789e-06
"PD44587_10" 0.00368585013936711 0.512561075586162 0.00474340055746844 0.038775209050664 0.368307919331038 0.00777668470241023 0.00972946384653222 0.0479685194294147 0.00513034923757993 0.00114772913592392 1.14772913592392e-05 7.21429742580751e-05 1.63961305131989e-06 8.8539104771274e-05
"PD44587_13" 0.0134184322826982 0.400432731900876 0.000229093359287265 0.0137051733173617 0.152284944224002 0.00680691772104514 0.011970502358314 0.0120565995358239 0.38792243767313 0.00112824736093434 7.48671108781912e-07 2.62034888073669e-05 1.12300666317287e-05 6.73803997903721e-06
"PD44587_14" 0.00924947368421053 0.760480350877193 0.000293157894736842 0.0446929824561404 0.132869298245614 0.00723859649122807 0.0164070175438596 0.0139024561403509 0.0139238596491228 0.000787017543859649 1.05263157894737e-05 8.71929824561404e-05 1.57894736842105e-05 4.2280701754386e-05
"PD44587_15" 0.00321526315789474 0.748870877192983 0.000126491228070175 0.049050350877193 0.131507192982456 0.00556649122807018 0.011460350877193 0.00942157894736842 0.0404501754385965 0.000271929824561403 1.14035087719298e-05 1.15789473684211e-05 1.57894736842105e-05 2.05263157894737e-05
"PD44587_2" 0.00482178067647505 0.75428750189595 0.000273396026088275 0.0119604125587745 0.162032458668285 0.00698847262247839 0.0112293341422721 0.0181749582890945 0.0290364780828151 0.00061542545123616 1.89595025026543e-06 1.59259821022296e-05 3.79190050053087e-06 0.000558167753678143
"PD44587_3" 0.00524443864002438 0.82317443733403 0.000161507988333116 0.026442470941622 0.0889390971224587 0.0132240651255931 0.0217643985895259 0.0161438335292325 0.0027756736755039 0.00206216533890558 3.4826520395281e-06 2.43785642766967e-05 1.26246136432894e-05 2.74258848112838e-05
"PD44587_4" 0.00308684210526316 0.801041052631579 0.00029280701754386 0.0330170175438596 0.118774035087719 0.00548701754385965 0.0117398245614035 0.00873789473684211 0.0174901754385965 0.000284561403508772 4.21052631578947e-06 1.6140350877193e-05 1.73684210526316e-05 1.10526315789474e-05
"PD44587_5" 0.00138070175438596 0.780568245614035 0.00017140350877193 0.0115008771929825 0.173795263157895 0.00726280701754386 0.00856754385964912 0.0139333333333333 0.00250298245614035 0.000275614035087719 2.45614035087719e-06 1e-05 1.21052631578947e-05 1.66666666666667e-05
"PD44587_6" 0.0391745614035088 0.766575087719298 0.000145263157894737 0.0121178947368421 0.146888771929825 0.00706087719298246 0.0131464912280702 0.0123080701754386 0.000890877192982456 0.000954561403508772 4.21052631578947e-06 0.000714736842105263 8.07017543859649e-06 1.05263157894737e-05
"PD44587_7" 0.00262228070175439 0.805937368421053 0.000612280701754386 0.0152359649122807 0.13242 0.0122080701754386 0.0112552631578947 0.0110926315789474 0.00797245614035088 0.000575263157894737 1.2280701754386e-06 3.40350877192982e-05 1.54385964912281e-05 1.7719298245614e-05
"PD44587_8" 0.00694684210526316 0.735633333333333 0.000276491228070175 0.0736326315789474 0.110601228070175 0.00548105263157895 0.0135564912280702 0.0283124561403509 0.0243494736842105 0.000858421052631579 3.78947368421053e-05 0.000183684210526316 9.47368421052632e-06 0.000120526315789474
"PD44588_1" 0.0404580757050219 0.000490122153521339 0.183222741667923 0.674041622681345 0.000278992610465993 0.0169548333584678 0.00554478962449103 0.000257502639119288 0.0412792188206907 6.0699743628412e-05 8.671391946916e-06 0.0371425878449706 0.00023111144623737 2.90303121701101e-05
"PD44588_13" 0.0273356181150551 0.00110991432068543 0.151461933904529 0.463939779681763 0.00185214198286414 0.0167270501835985 0.00500660954712362 0.00148788249694002 0.00270012239902081 2.4969400244798e-05 5.67931456548348e-05 0.328235985312118 3.86780905752754e-05 2.25214198286414e-05
"PD44588_15" 0.0496122195251909 0.000783257355988396 0.113844058966313 0.426366112130721 0.000512107039251672 0.0117151145580487 0.00451601444556273 0.000606832040731751 0.0058196672784323 0.000101237345331834 2.84175004440234e-05 0.385965306968208 6.57154697768042e-05 6.39393759990527e-05
"PD44588_2" 0.155515556352551 0.00110329059445889 0.0739635075764368 0.649758360979109 0.000401685645117905 0.00888729489823366 0.00536716578499059 6.67981708957231e-05 0.0445176185779611 0.000131803102304313 2.10705639738187e-05 0.060221465076661 4.25894378194208e-05 1.79323948713351e-06
"PD44588_3" 0.0294752631578947 0.000761754385964912 0.175024736842105 0.577617192982456 0.000206842105263158 0.0170212280701754 0.00452754385964912 0.000145087719298246 0.0488049122807018 0.000110526315789474 1.01754385964912e-05 0.146078070175439 0.00021280701754386 3.85964912280702e-06
"PD44588_4" 0.0529531554834608 0.0006264933470703 0.124130515793858 0.612516714526842 0.000398737368201846 0.0172355816655341 0.00505293846862053 0.000529823100024113 0.0295749578026699 4.69102786119819e-05 5.48017273504461e-06 0.156794098949999 4.44990026085622e-05 9.00940397641334e-05
"PD44588_5" 0.103010459299682 0.000608649864771068 0.121587324381896 0.55421507383739 0.000390129484694 0.0144757186280845 0.00401187142481032 0.000120868337282497 0.018307843278045 2.58490701515043e-05 2.84818458150834e-05 0.182992029870037 0.00022402527464637 1.67540269500491e-06
"PD44588_6" 0.0290155402433661 0.000592288520744759 0.169190184723648 0.585174094707521 0.000272320774080047 0.0212342398475297 0.00528203342618384 0.00020176660313737 0.024804464154816 4.72804574109368e-05 2.38234862923325e-05 0.164120546840639 3.48189415041783e-05 6.59727312710746e-06
"PD44588_7" 0.104011025068907 0.00044526840792755 0.124327995799974 0.608769523559522 0.000293017456359102 0.0141954324714529 0.00675744848405303 0.00012829767686048 0.0770540753379709 2.06720042000262e-05 2.9203307520672e-05 0.063761976637354 0.000143391521197007 6.26722667016669e-05
"PD44588_8" 0.232234047723186 0.000970015065364242 0.0796914030227924 0.514407348009914 0.000507848568790397 0.0101837002478495 0.00392720027214852 0.000303251202799242 0.0749283180249793 0.000164747047674588 1.21494872916363e-05 0.082524663459202 0.000138504155124654 6.80371288331632e-06
"PD44589_1" 0.00289157894736842 0.659756666666667 0.000244385964912281 0.015370701754386 0.24478298245614 0.0178264912280702 0.0420384210526316 0.0135594736842105 8.92982456140351e-05 5.73684210526316e-05 5.26315789473684e-06 0.000147543859649123 0.00322017543859649 9.64912280701754e-06
"PD44589_10" 0.000867017543859649 0.338587543859649 9.31578947368421e-05 0.00149070175438597 0.597627719298246 0.0189345614035088 0.0070759649122807 0.0341880701754386 0.000131578947368421 0.000589298245614035 6.49122807017544e-06 2.82456140350877e-05 0.000379473684210526 1.75438596491228e-07
"PD44589_11" 0.00164438596491228 0.296668596491228 8.73684210526316e-05 0.00375245614035088 0.627657368421053 0.0202528070175439 0.011020350877193 0.0357745614035088 8.85964912280702e-05 0.0020519298245614 7.89473684210526e-06 4.10526315789474e-05 0.000952631578947368 0
"PD44589_12" 0.00148789473684211 0.300811403508772 0.000386315789473684 0.00227614035087719 0.623401403508772 0.0224201754385965 0.0132136842105263 0.035039298245614 0.000584035087719298 8.19298245614035e-05 1.43859649122807e-05 4.52631578947368e-05 0.000238070175438596 0
"PD44589_13" 0.0535014035087719 0.629645789473684 8.89473684210526e-05 0.0559308771929825 0.157671403508772 0.00613631578947368 0.0853945614035088 0.00932859649122807 0.000143333333333333 0.00047 3.66666666666667e-05 0.0010019298245614 0.000649473684210526 7.01754385964912e-07
"PD44589_14" 0.00210929824561404 0.771650877192982 0.000149824561403509 0.0273743859649123 0.131160350877193 0.00656508771929825 0.0470912280701754 0.00856982456140351 4.35087719298246e-05 6.40350877192982e-05 3.33333333333333e-06 0.000107543859649123 0.00510754385964912 3.15789473684211e-06
"PD44589_15" 0.00257526315789474 0.747497543859649 5.73684210526316e-05 0.0307631578947368 0.159064210526316 0.00754263157894737 0.042110350877193 0.00969087719298246 0.000135438596491228 0.000165087719298246 8.24561403508772e-06 0.000107894736842105 0.000279824561403509 2.10526315789474e-06
"PD44589_16" 0.00249210526315789 0.75499 0.000387894736842105 0.0112978947368421 0.162755087719298 0.016590350877193 0.0416170175438597 0.00915929824561404 9.28070175438597e-05 0.000140701754385965 9.47368421052632e-06 7.47368421052631e-05 0.000392631578947368 0
"PD44589_17" 0.0207068421052632 0.628803157894737 0.000171754385964912 0.0349754385964912 0.0739264912280702 0.0160271929824561 0.221022631578947 0.00282052631578947 0.00032719298245614 0.000100175438596491 2.98245614035088e-06 0.000833157894736842 0.000282105263157895 3.50877192982456e-07
"PD44589_18" 0.0040159649122807 0.8236 0.000159473684210526 0.0139391228070175 0.0705945614035088 0.00749508771929825 0.0739424561403509 0.00528280701754386 0.000244736842105263 4.47368421052632e-05 2.10526315789474e-06 0.000157894736842105 0.000519473684210526 1.57894736842105e-06
"PD44589_19" 0.00406543859649123 0.823177543859649 5.98245614035088e-05 0.00975912280701754 0.0629219298245614 0.00589245614035088 0.0818021052631579 0.00435210526315789 0.000211578947368421 5.57894736842105e-05 6.66666666666667e-06 0.000124561403508772 0.00757087719298246 0
"PD44589_2" 0.00289929824561403 0.798972456140351 0.000389298245614035 0.0113552631578947 0.0913256140350877 0.0236445614035088 0.0654885964912281 0.00500456140350877 0.000208421052631579 8.75438596491228e-05 8.24561403508772e-06 0.000125614035087719 0.00048859649122807 1.92982456140351e-06
"PD44589_20" 0.00498736842105263 0.766124035087719 0.000311228070175439 0.0151082456140351 0.106119122807018 0.0118435087719298 0.0882852631578947 0.00604649122807018 0.000211578947368421 6.08771929824561e-05 1.75438596491228e-07 0.000208771929824561 0.000693333333333333 0
"PD44589_21" 0.00445508771929825 0.770246140350877 0.000266140350877193 0.00426122807017544 0.108211754385965 0.00620421052631579 0.0980978947368421 0.00761105263157895 3.36842105263158e-05 3.73684210526316e-05 0 0.000230526315789474 0.000344912280701754 0
"PD44589_22" 0.00195473684210526 0.725735789473684 0.000105789473684211 0.0421289473684211 0.172528947368421 0.011569649122807 0.0357064912280702 0.00982456140350877 5.70175438596491e-05 4.91228070175439e-05 3.50877192982456e-07 9.07017543859649e-05 0.000211052631578947 3.68421052631579e-05
"PD44589_23" 0.000838421052631579 0.709491578947368 0.00025140350877193 0.00822421052631579 0.168116315789474 0.0109580701754386 0.0118336842105263 0.0101073684210526 0.00131912280701754 0.000106315789473684 5.43859649122807e-06 3.01754385964912e-05 0.0787112280701754 6.66666666666667e-06
"PD44589_24" 0.00371771929824561 0.688867368421053 7.50877192982456e-05 0.00167263157894737 0.0455152631578947 0.00465122807017544 0.0906878947368421 0.00295280701754386 0.000591578947368421 5.80701754385965e-05 1.2280701754386e-06 0.000190701754385965 0.161018421052632 0
"PD44589_25" 0.000356491228070175 0.660237192982456 7.12280701754386e-05 0.00196666666666667 0.116790350877193 0.0107305263157895 0.00651052631578947 0.00715035087719298 4.57894736842105e-05 6.75438596491228e-05 0 1.91228070175439e-05 0.196054210526316 0
"PD44589_26" 0.00370473684210526 0.801324912280702 0.000645263157894737 0.0112094736842105 0.0581326315789474 0.00490350877192982 0.062880350877193 0.0051359649122807 0.000181929824561404 0.000254035087719298 2.10526315789474e-06 0.000142982456140351 0.0514821052631579 0
"PD44589_27" 0.000840701754385965 0.717657719298246 6e-05 0.0021440350877193 0.132169824561403 0.0118657894736842 0.0101966666666667 0.00759473684210526 0.000117543859649123 0.000205964912280702 1.05263157894737e-06 7.89473684210526e-06 0.117136315789474 1.75438596491228e-06
"PD44589_28" 0.01322 0.653265964912281 0.000116315789473684 0.0326033333333333 0.124685614035088 0.00688736842105263 0.160561578947368 0.00726719298245614 0.000111754385964912 4.40350877192982e-05 5.78947368421053e-06 0.000600877192982456 0.000630175438596491 0
"PD44589_29" 0.0181159649122807 0.605467719298246 0.00706964912280702 0.0142601754385965 0.133153333333333 0.0236998245614035 0.189107192982456 0.00660736842105263 6.85964912280702e-05 6.2280701754386e-05 0 0.00078280701754386 0.00160280701754386 2.28070175438597e-06
"PD44589_3" 0.00197385964912281 0.722532631578947 6.73684210526316e-05 0.0325959649122807 0.147900350877193 0.0639621052631579 0.0220415789473684 0.00733368421052632 0.000459298245614035 0.000114561403508772 2.63157894736842e-06 2.68421052631579e-05 0.000988947368421053 1.75438596491228e-07
"PD44589_30" 0.013670701754386 0.605192456140351 0.000723684210526316 0.0341380701754386 0.158516140350877 0.0408384210526316 0.136965087719298 0.00756017543859649 0.000918421052631579 9.63157894736842e-05 0 0.00056578947368421 0.000812982456140351 1.75438596491228e-06
"PD44589_31" 0.0243661403508772 0.611336140350877 0.000171052631578947 0.0337512280701754 0.105498947368421 0.0115270175438596 0.206828947368421 0.00488912280701754 0.000202982456140351 0.000170175438596491 1.3859649122807e-05 0.000877543859649123 0.000365263157894737 1.57894736842105e-06
"PD44589_32" 0.0327526315789474 0.636456842105263 0.000493157894736842 0.0544991228070175 0.0508671929824561 0.00806315789473684 0.209320701754386 0.00218964912280702 0.000496315789473684 0.00321421052631579 1.70175438596491e-05 0.000951754385964912 0.000677894736842105 3.50877192982456e-07
"PD44589_36" 0.00512186506534793 0.736036736135641 0.000406216884493112 0.0255598728364535 0.17356764394207 0.0224690921935712 0.0232285411515366 0.0111020840692335 0.000558106676086189 0.000303779583186153 0 9.18403391027905e-05 0.00155422112327799 0
"PD44589_38" 0.00402527700831025 0.657250692520776 0.00135041551246537 0.0303791551246537 0.242969182825485 0.00879674515235457 0.0346468144044321 0.0186374653739612 0.000221606648199446 0.000192174515235457 1.55817174515235e-05 9.52216066481994e-05 0.00141793628808864 1.73130193905817e-06
"PD44589_39" 0.0184802169357821 0.519302046098854 0.000676691729323308 0.09191359546407 0.216627634660422 0.00598915321089609 0.128582830025884 0.0129274004683841 4.40650807346234e-05 0.00417139159373844 3.32799211142611e-05 0.000576851965980525 0.000672685812892888 2.15703192407248e-06
"PD44589_4" 0.00166754385964912 0.788592105263158 0.000723333333333333 0.0148443859649123 0.141789649122807 0.0142308771929825 0.0247180701754386 0.00836964912280702 0.000709824561403509 0.000193508771929825 1.92982456140351e-06 5.17543859649123e-05 0.00410649122807018 8.7719298245614e-07
"PD44589_40" 0.0117431877566256 0.687666106756252 0.000320082120194102 0.0118794326241135 0.0848749533407988 0.0145240761478163 0.182711832773423 0.00413773796192609 0.000260358342665174 0.000167039940276222 1.86636804777902e-06 0.000575774542739828 0.00113755132512131 0
"PD44589_41" 0.00650284247203374 0.725849073904273 0.000444709334311388 0.00998257839721254 0.120545571245186 0.00664588300018339 0.116128736475335 0.00924445259490189 0.00114249037227214 8.34403080872914e-05 1.83385292499542e-06 0.000300751879699248 0.00312763616357968 0
"PD44589_44" 0.000880526315789474 0.426266666666667 6.96491228070175e-05 0.0017380701754386 0.455554385964912 0.0250782456140351 0.0165656140350877 0.024829298245614 0.000106666666666667 6.47368421052632e-05 3.50877192982456e-07 1.49122807017544e-05 0.0488301754385965 7.01754385964912e-07
"PD44589_45" 0.000646140350877193 0.332824561403509 0.000122280701754386 0.0013340350877193 0.605816315789474 0.0175222807017544 0.00714736842105263 0.0340338596491228 0.000116140350877193 0.000125438596491228 1.92982456140351e-06 1.94736842105263e-05 0.000290175438596491 0
"PD44589_5" 0.0256601754385965 0.632577368421053 0.00027280701754386 0.0340664912280702 0.130976842105263 0.0100471929824561 0.155321754385965 0.0072019298245614 0.000265087719298246 0.000392982456140351 4.73684210526316e-06 0.00228754385964912 0.000923859649122807 1.2280701754386e-06
"PD44589_53" 0.000726842105263158 0.725620526315789 0.000398421052631579 0.0583222807017544 0.176991052631579 0.0124082456140351 0.0150185964912281 0.01005 0.000118245614035088 7.05263157894737e-05 2.10526315789474e-06 1.98245614035088e-05 0.00025280701754386 5.26315789473684e-07
"PD44589_55" 0.00456736842105263 0.761529649122807 0.000216315789473684 0.0552449122807018 0.106130175438596 0.0220738596491228 0.0434671929824561 0.0059240350877193 0.00013280701754386 0.000136666666666667 1.40350877192982e-06 0.000121052631578947 0.000453508771929825 1.05263157894737e-06
"PD44589_56" 0.00268249220390759 0.802893994357114 0.000129616665605974 0.0214745751925158 0.103312119476442 0.017245168544093 0.0441307622138781 0.00579923205838053 8.93103375124631e-05 0.000189015464901674 1.4849699823925e-06 7.99762404802817e-05 0.00196228176244723 9.97051273892106e-06
"PD44589_57" 0.00142522146951537 0.608444502344971 0.000187597707139135 0.00857217300677436 0.325323084940073 0.00661803022407504 0.0225065138092757 0.0262480458572173 8.33767587285044e-05 6.77436164669098e-05 0 5.73215216258468e-05 0.000466388744137572 0
"PD44589_58" 0.00181543859649123 0.800735438596491 0.000300877192982456 0.00732298245614035 0.136163157894737 0.00948771929824561 0.0246424561403509 0.00953578947368421 0.00866789473684211 4e-04 8.7719298245614e-07 4.63157894736842e-05 0.00087280701754386 8.24561403508772e-06
"PD44589_59" 0.0107264092183121 0.726877530364372 3.73715353472438e-05 0.0356940984117098 0.0567556835876674 0.00674984428526939 0.10419806913734 0.00397617564621613 0.0543241980691373 0.000125739644970414 1.16786047960137e-05 0.000290018685767674 0.00023318280909374 0
"PD44589_6" 0.038596961068982 0.661305781862261 0.000194796042060158 0.0144394328080512 0.0881337918980633 0.0203659121021622 0.168919459870888 0.00409579116511149 0.000283032165308826 0.00215797930820624 6.48380458376794e-06 0.00077608321822231 0.000723648972457926 8.45713641361035e-07
"PD44589_60" 0.00206658819572894 0.684506473852363 0.000159744408945687 0.0057810660837397 0.260716327560114 0.00715654952076677 0.0149890701193879 0.0233647217084244 0.00060030267361695 0.000321170337985539 3.36304018833025e-06 2.52228014124769e-05 0.000309399697326383 0
"PD44589_61" 0.00788035087719298 0.578689649122807 0.000867017543859649 0.0997673684210526 0.196834210526316 0.00884684210526316 0.093470701754386 0.0123657894736842 0.000132280701754386 5.50877192982456e-05 1.12280701754386e-05 0.000619473684210526 0.000454736842105263 5.26315789473684e-06
"PD44589_62" 0.00467576978469728 0.663659781598089 4.66701912384008e-05 0.00694492552823 0.224465024702386 0.00938508376934716 0.0766029205330611 0.013270377189944 2.18766521430004e-05 4.17479445062257e-05 1.64074891072503e-06 0.000299345523490055 0.000582101252438335 2.73458151787505e-06
"PD44589_63" 0.00308360186179735 0.645660580021482 0.00144110275689223 0.0203302900107411 0.27687969924812 0.0121213748657358 0.0213148943788042 0.0166040100250627 0.000757250268528464 0.000469029717150018 8.95094880057286e-07 0.000140529896168994 0.00119674185463659 0
"PD44589_7" 0.0457032531076435 0.576596932028564 0.000116900290928326 0.0284898175085956 0.0454961650357048 0.0335046284051838 0.259632636868553 0.00128643216080402 0.000485585823856123 0.00189632372388257 1.26950542184607e-05 0.00129886273472626 0.00547976725733933 0
"PD44589_8" 0.0214829824561404 0.645368596491228 0.000924912280701754 0.0145264912280702 0.103340701754386 0.0284154385964912 0.178826842105263 0.00448368421052632 0.000598070175438597 0.000194385964912281 7.71929824561404e-06 0.000750877192982456 0.00107894736842105 3.50877192982456e-07
"PD44589_9" 0.0314394736842105 0.586466315789474 0.000138245614035088 0.0383512280701754 0.100052280701754 0.00591017543859649 0.227228947368421 0.00532771929824561 0.00168315789473684 0.0022740350877193 6.49122807017544e-06 0.00096719298245614 0.000154561403508772 1.75438596491228e-07
"PD44590_1" 0.0298908771929825 0.000120175438596491 0.0512670175438596 0.876879824561403 5.70175438596491e-05 0.024109649122807 0.00750263157894737 5.19298245614035e-05 0.00942543859649123 1.29824561403509e-05 4.03508771929825e-06 0.000670175438596491 7.36842105263158e-06 8.7719298245614e-07
"PD44590_12" 0.0316976264189886 0.0032249742002064 0.0872549019607843 0.814169246646027 0.00114551083591331 0.0296130030959752 0.0068421052631579 0.000242518059855521 0.0246181630546956 5.15995872033024e-06 4.64396284829721e-05 0.00112487100103199 1.03199174406605e-05 5.15995872033024e-06
"PD44590_13" 0.0266329284750337 0.00439271255060729 0.0230195681511471 0.552257085020243 0.000718623481781377 0.0199291497975708 0.00733130904183536 0.000182186234817814 0.36528677462888 2.36167341430499e-05 3.37381916329285e-05 0.000145074224021592 4.3859649122807e-05 3.37381916329285e-06
"PD44590_15" 0.0385355217733632 0.000204106353340197 0.0158373205741627 0.786507177033493 6.78335655017867e-05 0.0223929501544425 0.00801647386590758 7.87353885288595e-06 0.127776633759312 1.63527345406093e-05 9.20598388952819e-05 0.000482708497365393 6.23826539882503e-05 6.05656834837381e-07
"PD44590_17" 0.024625409216822 0.000286451775371443 0.0410274490052883 0.393028204482498 0.000283303953664064 0.0137289095945606 0.00434273482749937 0.000625157391085369 0.521879249559305 6.29564341475699e-07 1.2591286829514e-05 5.66607907328129e-05 4.65877612692017e-05 5.66607907328129e-05
"PD44590_2" 0.101680175438596 0.000601228070175439 0.0419187719298246 0.810674385964912 0.000246842105263158 0.0195131578947368 0.00691315789473684 9e-05 0.0174298245614035 6.66666666666667e-06 7.89473684210526e-06 0.000880877192982456 3.56140350877193e-05 1.40350877192982e-06
"PD44590_3" 0.118922807017544 0.000593859649122807 0.0439108771929825 0.810259298245614 0.00021719298245614 0.0172417543859649 0.00656947368421053 2.71929824561404e-05 0.00124701754385965 4.91228070175439e-05 3.70175438596491e-05 0.000905087719298246 1.85964912280702e-05 7.01754385964912e-07
"PD44590_4" 0.0282228070175439 0.0028280701754386 0.07114 0.858202456140351 0.00118333333333333 0.0241773684210526 0.00753561403508772 0.000228947368421053 0.00587 4.84210526315789e-05 5.6140350877193e-06 0.000553508771929825 1.75438596491228e-07 3.68421052631579e-06
"PD44590_5" 0.0208009383378016 0.00024587272470721 0.066133589671229 0.878434104698744 0.000385917877804431 0.0234921334838437 0.00718569211231833 0.000241463242556794 0.00276068858473261 8.81896430083251e-07 6.52603358261606e-06 0.000292613235501623 1.8167066459715e-05 1.4110342881332e-06
"PD44590_6" 0.0232357894736842 0.000506140350877193 0.0446921052631579 0.898681929824561 0.000649122807017544 0.0218882456140351 0.00726421052631579 3.52631578947368e-05 0.00280491228070175 3.68421052631579e-06 4.21052631578947e-06 0.000227017543859649 4.73684210526316e-06 2.63157894736842e-06
"PD44590_7" 0.117809824561404 0.000427543859649123 0.0897728070175439 0.746273333333333 0.00073578947368421 0.0139205263157895 0.00508578947368421 0.000173859649122807 0.0251189473684211 1.15789473684211e-05 4.07017543859649e-05 0.000627368421052632 5.26315789473684e-07 1.40350877192982e-06
"PD44590_8" 0.251058550165501 0.000664854556215612 0.0291703018479142 0.692827549924374 0.00036234902124115 0.00917380915846468 0.00505447291698634 3.59499331418926e-05 0.0101356890769197 7.45303491966067e-05 3.83612091453123e-05 0.00139656721979877 3.50731055042855e-06 3.50731055042855e-06
"PD44590_9" 0.0656789473684211 0.000315087719298246 0.0485626315789474 0.733719122807018 0.00019140350877193 0.0168633333333333 0.00619631578947368 4.14035087719298e-05 0.128221228070175 5.26315789473684e-07 3.33333333333333e-06 0.00019140350877193 1.45614035087719e-05 7.01754385964912e-07
"PD44591_1" 0.00566982456140351 0.797094035087719 0.000380175438596491 0.0195349122807018 0.0904440350877193 0.0313771929824561 0.0505187719298246 0.00449070175438596 5.63157894736842e-05 0.000224736842105263 4.7719298245614e-05 0.000157017543859649 2.10526315789474e-06 2.45614035087719e-06
"PD44591_2" 0.00861105263157895 0.817759649122807 0.000328771929824561 0.00797298245614035 0.0978568421052632 0.0202738596491228 0.0417794736842105 0.00516771929824561 9.47368421052632e-05 7.63157894736842e-05 2.26315789473684e-05 4.42105263157895e-05 7.71929824561404e-06 4.03508771929825e-06
"PD44591_3" 0.0184498245614035 0.747685964912281 0.00051859649122807 0.0156133333333333 0.0365138596491228 0.0595214035087719 0.11985350877193 0.000707894736842105 0.000175087719298246 0.000467719298245614 0.000134035087719298 0.00034719298245614 6.14035087719298e-06 5.43859649122807e-06
"PD44591_4" 0.0638831578947368 0.78733298245614 0.000234561403508772 0.0134701754385965 0.0430601754385965 0.049330701754386 0.0397585964912281 0.00148736842105263 5.29824561403509e-05 0.000658421052631579 0.000541754385964912 0.000164210526315789 1.31578947368421e-05 1.17543859649123e-05
"PD44591_5" 0.0158414035087719 0.822628070175439 0.00122473684210526 0.0195126315789474 0.0837735087719298 0.0254514035087719 0.0247745614035088 0.00602456140350877 0.000263157894736842 0.000431754385964912 1.3859649122807e-05 2.66666666666667e-05 6.66666666666667e-06 2.70175438596491e-05
"PD44591_9" 0.0155480701754386 0.771275614035088 0.00158087719298246 0.0144750877192982 0.133365789473684 0.0136343859649123 0.0415224561403509 0.00786263157894737 5.40350877192982e-05 0.000396140350877193 0.000121052631578947 0.000141754385964912 8.24561403508772e-06 1.3859649122807e-05
"PD44592_1" 0.00798140350877193 0.659699298245614 0.0225889473684211 0.0110814035087719 0.0470156140350877 0.0490919298245614 0.0236389473684211 0.00227789473684211 2.85964912280702e-05 0.00120508771929825 0.173317368421053 8e-05 0.00198122807017544 1.2280701754386e-05
"PD44592_10" 0.00534011121721058 0.621546368589564 0.00305510307251587 0.064411616019772 0.163693197775656 0.108671010503848 0.0167471774420042 0.00459641633432568 0.000262877043194967 0.00136887041509858 0.00966803347750379 1.40425770937482e-05 0.000623490422962422 1.68510925124979e-06
"PD44592_11" 0.0044519298245614 0.685586666666667 0.00134491228070175 0.0237891228070175 0.0458650877192982 0.0990956140350877 0.0206573684210526 0.00119228070175439 2.31578947368421e-05 0.00084859649122807 0.115276666666667 0.000246666666666667 0.00161315789473684 8.7719298245614e-06
"PD44592_12" 0.02291 0.709440526315789 0.00101929824561404 0.0602068421052632 0.0656526315789474 0.0282542105263158 0.0158071929824561 0.00274157894736842 2.59649122807018e-05 0.000447719298245614 0.0634524561403509 0.000102982456140351 0.0299368421052632 1.75438596491228e-06
"PD44592_15" 0.00918599464763604 0.732401873327386 0.026793041926851 0.0169848349687779 0.110265388046387 0.0456913470115968 0.0324977698483497 0.00780553077609277 0.000227475468331847 0.00209188224799286 0.0146944692239072 0.000254237288135593 0.00110392506690455 2.23015165031222e-06
"PD44592_16" 0.00775002021181987 0.764312393887946 0.00270595844449834 0.0287929501172286 0.0745646373999515 0.0806395019807584 0.0275002021181987 0.00313687444417495 1.94033470773708e-05 0.0017778316759641 0.00824318861670305 5.82100412321125e-05 0.000457595601907996 4.12321125394131e-05
"PD44592_17" 0.00646996278575226 0.73978665372258 0.000762314217691792 0.0766881630954857 0.0333238564131013 0.0953509927651804 0.0423599842821811 0.000748445553937545 4.43797240135913e-05 0.00107597716293368 0.00273420705914985 0.000100547812218293 0.000553590828190371 9.24577583616485e-07
"PD44592_18" 0.00788228070175439 0.782637543859649 0.00175017543859649 0.0710538596491228 0.0420342105263158 0.0540454385964912 0.0323480701754386 0.00117070175438596 5.21052631578947e-05 0.00147631578947368 0.00496912280701754 7.45614035087719e-05 0.000505263157894737 3.50877192982456e-07
"PD44592_19" 0.00288547071905115 0.721275018532246 0.00557079318013343 0.0143421052631579 0.159844329132691 0.0673035581912528 0.012709414381023 0.00488510007412898 3.3358042994811e-05 0.000635656041512231 0.00701630837657524 2.03854707190511e-05 0.00347664936990363 1.85322461082283e-06
"PD44592_2" 0.00824491228070175 0.368023157894737 0.00258842105263158 0.00836578947368421 0.0325215789473684 0.0254921052631579 0.0157271929824561 0.00170578947368421 6.40350877192982e-05 0.00124912280701754 0.535642631578947 7.54385964912281e-05 0.000299649122807018 1.75438596491228e-07
"PD44592_21" 0.00314473684210526 0.665896929824561 0.0354627192982456 0.0111776315789474 0.19984649122807 0.0439320175438596 0.013 0.0156754385964912 1.97368421052632e-05 0.000918859649122807 0.010015350877193 4.3859649122807e-06 0.000855263157894737 5.04385964912281e-05
"PD44592_22" 0.00686228070175439 0.662024736842105 0.00168912280701754 0.0707517543859649 0.0696798245614035 0.0727743859649123 0.0275168421052632 0.00185754385964912 1.43859649122807e-05 0.000606491228070176 0.0853515789473684 7.54385964912281e-05 0.00079280701754386 2.80701754385965e-06
"PD44592_3" 0.0136810526315789 0.401227543859649 0.00823526315789474 0.00394105263157895 0.0339345614035088 0.0110170175438596 0.0068940350877193 0.00281052631578947 4.3859649122807e-05 0.000218771929824561 0.493805263157895 2.71929824561404e-05 0.0241549122807018 8.94736842105263e-06
"PD44592_4" 0.00470140350877193 0.696414210526316 0.00181649122807018 0.0162908771929825 0.036708947368421 0.0664677192982456 0.0231531578947368 0.000879649122807018 6.80701754385965e-05 0.000907894736842105 0.152074385964912 2.52631578947368e-05 0.000490175438596491 1.75438596491228e-06
"PD44592_5" 0.00433070175438597 0.69570298245614 0.0064280701754386 0.0240615789473684 0.0511263157894737 0.0448884210526316 0.0167247368421053 0.00304385964912281 1.19298245614035e-05 0.000505614035087719 0.133977368421053 0.000117543859649123 0.019079298245614 1.57894736842105e-06
"PD44592_6" 0.0049340350877193 0.631568947368421 0.00368508771929825 0.0121310526315789 0.052160350877193 0.0674885964912281 0.0179780701754386 0.00118350877192982 4.42105263157895e-05 0.000971052631578947 0.190507543859649 4.14035087719298e-05 0.0173061403508772 0
"PD44592_7" 0.00484859649122807 0.689552631578947 0.00373438596491228 0.0623087719298246 0.0562810526315789 0.0643666666666667 0.0176142105263158 0.0056580701754386 2.05263157894737e-05 0.000949649122807017 0.0942145614035088 2.01754385964912e-05 0.00039140350877193 3.92982456140351e-05
"PD44592_8" 0.0264382456140351 0.70145649122807 0.00773122807017544 0.0157277192982456 0.0710245614035088 0.0556128070175439 0.0161291228070175 0.00249105263157895 3.75438596491228e-05 0.000814035087719298 0.100834210526316 3.63157894736842e-05 0.00166561403508772 1.05263157894737e-06
"PD44592_9" 0.00536684604278777 0.594054337839611 0.0229662685391784 0.0255912849455309 0.104467777923612 0.21677254232839 0.014139650872818 0.00390602441265258 7.35004593778711e-05 0.00065100406877543 0.0111195694973094 2.23126394539966e-05 0.000863630397689986 5.25003281270508e-06
"PD44593_1" 0.016660701754386 0.785046666666667 0.000149298245614035 0.0523464912280702 0.0862452631578947 0.0258978947368421 0.0266368421052632 0.00504228070175439 0.000704912280701754 0.00118473684210526 5.26315789473684e-07 1.01754385964912e-05 7.42105263157895e-05 0
"PD44593_10" 0.010129649122807 0.663507719298246 0.000194210526315789 0.0125343859649123 0.127714736842105 0.0140270175438596 0.0161531578947368 0.00993701754385965 0.144499824561404 0.00121473684210526 0 3.33333333333333e-06 8.40350877192982e-05 1.75438596491228e-07
"PD44593_11" 0.00747362898326614 0.700168167007235 0.000262329485834208 0.00169740984149776 0.117392721047109 0.0298282432208538 0.022165737007787 0.00793615728723698 0.111106202021318 0.00191224388358094 4.97045341580604e-06 2.76136300878113e-07 4.88761252554261e-05 3.03749930965925e-06
"PD44593_12" 0.00585052631578947 0.756803859649123 0.000822105263157895 0.0716066666666667 0.0933754385964912 0.0458945614035088 0.0191187719298246 0.00445350877192982 0.000867719298245614 0.00109140350877193 1.40350877192982e-06 1.40350877192982e-06 0.000112105263157895 5.26315789473684e-07
"PD44593_13" 0.00514368421052632 0.850211754385965 0.000237719298245614 0.0493757894736842 0.0472271929824561 0.0197336842105263 0.0211452631578947 0.00263087719298246 0.00324859649122807 0.000859824561403509 5.26315789473684e-07 6.70175438596491e-05 0.00011719298245614 8.7719298245614e-07
"PD44593_14" 0.0117236842105263 0.779682807017544 0.000395964912280702 0.0721445614035088 0.0696659649122807 0.036670701754386 0.021770701754386 0.00379333333333333 0.00306 0.00105631578947368 3.50877192982456e-07 1.75438596491228e-06 3.35087719298246e-05 3.50877192982456e-07
"PD44593_15" 0.0098321052631579 0.627205964912281 0.000445964912280702 0.00172771929824561 0.0879487719298246 0.054460701754386 0.0183001754385965 0.00384350877192982 0.194946842105263 0.00122245614035088 7.01754385964912e-07 3.85964912280702e-06 6.10526315789474e-05 1.75438596491228e-07
"PD44593_16" 0.0109957894736842 0.616115438596491 0.000305438596491228 0.00106491228070175 0.0787240350877193 0.0974182456140351 0.0261931578947368 0.0025219298245614 0.164067368421053 0.00231333333333333 2.10526315789474e-06 8.7719298245614e-07 0.000276666666666667 7.01754385964912e-07
"PD44593_17" 0.0103717543859649 0.641745964912281 0.000174210526315789 0.00279842105263158 0.0658226315789474 0.0460768421052632 0.0196214035087719 0.0034280701754386 0.208442456140351 0.00149245614035088 7.01754385964912e-07 1.75438596491228e-07 2.43859649122807e-05 5.26315789473684e-07
"PD44593_18" 0.0100957894736842 0.675771754385965 0.000524736842105263 0.00647754385964912 0.0821778947368421 0.0748354385964912 0.0194047368421053 0.00333421052631579 0.125883157894737 0.00141087719298246 2.10526315789474e-06 1.35087719298246e-05 6.35087719298246e-05 4.73684210526316e-06
"PD44593_2" 0.0575212280701754 0.775244035087719 0.000880701754385965 0.0454022807017544 0.042200350877193 0.0469770175438596 0.0259614035087719 0.00120894736842105 0.00314035087719298 0.00104929824561404 3.33333333333333e-06 3.45614035087719e-05 0.000372631578947368 3.85964912280702e-06
"PD44593_22" 0.00703465982028241 0.438167522464698 0.000612965340179718 0.0111842105263158 0.464595635430039 0.0388382541720154 0.0119608472400513 0.0235590500641849 0.00294287548138639 0.000747753530166881 4.17201540436457e-05 3.20924261874198e-06 0.000311296534017972 0
"PD44593_23" 0.00554959785522788 0.761179624664879 0.00186679836320023 0.0176224072244956 0.156722167348667 0.0241681952871455 0.01580499506138 0.0134767884859602 0.0024989417242839 0.00103146606462537 0 1.4110342881332e-05 5.92634401015945e-05 5.64413715253281e-06
"PD44593_24" 0.0160791513667891 0.80249694002448 0.00165646674826601 0.0174255405956752 0.081359649122807 0.0388361893104855 0.022672378620971 0.00316605467156263 0.00926050591595267 0.000958792329661363 1.22399020807834e-05 3.05997552019584e-06 0.00606589147286822 7.13994288045696e-06
"PD44593_25" 0.0048466489965922 0.636520257478228 0.000749716016660356 0.00697084437712988 0.27356683074593 0.0316773949261643 0.0201703900037864 0.0209428246876183 0.00311624384702764 0.00132904202953427 3.78644452858766e-06 7.57288905717531e-06 9.84475577432791e-05 0
"PD44593_3" 0.0261033333333333 0.798407719298246 0.000316140350877193 0.0395191228070175 0.0648840350877193 0.0413868421052632 0.0227580701754386 0.0030159649122807 0.0021240350877193 0.00102175438596491 1.05263157894737e-06 8.24561403508772e-06 0.000452456140350877 1.2280701754386e-06
"PD44593_32" 0.0443998886104149 0.408003341687552 0.000824282929546087 0.0366889445836814 0.428045112781955 0.0301865775549986 0.0136285157337789 0.0207407407407407 0.0162795878585352 0.000618212197159566 8.35421888053467e-06 3.89863547758285e-05 0.000492898913951545 4.45558340295182e-05
"PD44593_4" 0.0141522807017544 0.738934210526316 0.000739473684210526 0.0429133333333333 0.0584114035087719 0.101831929824561 0.0278436842105263 0.00210736842105263 0.00126315789473684 0.00151578947368421 6.66666666666667e-06 8.24561403508772e-06 0.0102719298245614 5.26315789473684e-07
"PD44593_5" 0.00588491228070175 0.717971578947368 0.000183859649122807 0.11461298245614 0.0816008771929825 0.059839649122807 0.0151322807017544 0.00338438596491228 0.000612105263157895 0.000605964912280702 1.75438596491228e-06 0 0.000169649122807018 0
"PD44593_6" 0.00322105263157895 0.814838771929825 0.000137368421052632 0.0330819298245614 0.0758991228070175 0.0541066666666667 0.0144987719298246 0.00315333333333333 0.000618245614035088 0.000246842105263158 8.24561403508772e-06 2.70175438596491e-05 0.000162456140350877 1.75438596491228e-07
"PD44593_7" 0.0128973684210526 0.817679824561404 0.0019419298245614 0.015290350877193 0.08446 0.0398582456140351 0.0190422807017544 0.00481333333333333 0.00280035087719298 0.00102456140350877 1.40350877192982e-05 0 0.000177543859649123 1.75438596491228e-07
"PD44593_8" 0.00225 0.753893859649123 0.000307894736842105 0.0189961403508772 0.173800350877193 0.0271659649122807 0.0128552631578947 0.00927666666666667 0.000904385964912281 0.000217543859649123 7.01754385964912e-07 6.49122807017544e-06 0.000324736842105263 0
"PD44593_9" 0.00522333333333333 0.820191228070175 0.000118947368421053 0.0616254385964912 0.0641542105263158 0.0237875438596491 0.0177543859649123 0.00431684210526316 0.00217087719298246 0.000608421052631579 2.63157894736842e-06 1.05263157894737e-06 4.36842105263158e-05 1.40350877192982e-06
"PD44594_11" 0.134033022801458 0.385906220962093 0.00810011674727788 0.000383121679254723 0.0307138262133378 0.0568111314955565 0.056001524862405 0.00295632698768197 0.000231588477758452 0.321316861642563 0.000171785280312597 0.00122060470324748 2.62085725858331e-06 0.00215124728979534
"PD44594_12" 0.0930604362617571 0.341004002401441 0.00183770262157294 0.000290174104462678 0.0309407644586752 0.0533432059235541 0.0491164698819292 0.00819011406844107 9.92595557334401e-05 0.420475685411247 1.20072043225936e-06 0.000398038823293976 7.80468280968581e-06 0.00123514108465079
"PD44594_13" 0.0124336842105263 0.176037894736842 0.00135105263157895 0.000239824561403509 0.0115171929824561 0.0292568421052632 0.0298061403508772 0.00133701754385965 1e-05 0.737811403508772 5.26315789473684e-06 3.59649122807018e-05 8.7719298245614e-07 0.000156842105263158
"PD44594_14" 0.0450552631578947 0.254991052631579 0.0407238596491228 0.000159649122807018 0.0147082456140351 0.0415061403508772 0.0424514035087719 0.00158824561403509 4.64912280701754e-05 0.55762701754386 2.98245614035088e-06 0.000547719298245614 2.07017543859649e-05 0.000571228070175439
"PD44594_15" 0.0127815897607298 0.198509722194916 0.000613412500245758 0.000128973910308082 0.0121882311306844 0.03189764661935 0.0323789395041582 0.00148831173937833 4.34500521007412e-05 0.709689361618465 6.09480368833926e-06 7.2744431118888e-06 3.53891827064861e-06 0.000263452804592729
"PD44594_16" 0.108586909835795 0.394768559817623 0.0277886807414015 0.000186011167277893 0.0263359434367463 0.0560283477054217 0.0553011530710014 0.0026438034823405 7.20256384841577e-05 0.326636931311329 2.44490699441636e-05 0.000992169689761126 1.12333564608319e-05 0.000623781676413255
"PD44594_27" 4.46570972886762e-05 0.000172248803827751 2.23285486443381e-05 0 5.103668261563e-05 1.91387559808612e-05 1.59489633173844e-05 0.00948644338118022 0 0.000169059011164274 0 0 0 0.990019138755981
"PD44594_28" 7.94438927507448e-05 0.000205230056272757 4.63422707712678e-05 3.3101621979477e-06 4.96524329692155e-05 2.97914597815293e-05 4.96524329692155e-05 0.0095001655081099 0 0.000413770274743462 0 0 0 0.989622641509434
"PD44594_37" 0.0644095991273521 0.669762748841014 0.035514044177802 0.00385328606490319 0.039961821652577 0.0757894736842105 0.0653558767384783 0.00347968366512135 0.000218161985274066 0.040477229342787 2.99972729751841e-05 0.00013089719116444 1.36351240796291e-05 0.0010035451322607
"PD44594_38" 0.126198339809255 0.413926174496644 0.0245346167432003 0.00998145531614271 0.0222315436241611 0.0609696220416814 0.0552825856587778 0.00321617802896503 0.00033910279053338 0.280052101730837 3.97386082656305e-05 0.00211762628046627 4.41540091840339e-06 0.00110649947015189
"PD44594_6" 0.000833902939166097 0.00275461380724539 0.000362269309637731 0.000271132376395534 0.000414673046251994 0.000239234449760766 0.000321257689678742 0.0103189792663477 4.55684666210982e-06 0.00850079744816587 1.36705399863295e-05 6.83526999316473e-06 2.27842333105491e-06 0.975955798587378
"PD44594_7" 0.00126315789473684 0.0037004048582996 0.00121052631578947 0.000797570850202429 0.000959514170040486 0.000757085020242915 0.00062753036437247 0.0103684210526316 2.42914979757085e-05 0.0032753036437247 4.45344129554656e-05 3.23886639676113e-05 0 0.976939271255061
"PD44594_8" 0.000722243565117172 0.00630426431041106 0.000499423741836343 5.76258163657318e-05 0.00279677295428352 0.00063388398002305 0.000852862082212831 0.0168344218209758 0 0.00584325777948521 0 3.84172109104879e-06 0 0.965451402228198
