"A[C>A]A" "A[C>A]C" "A[C>A]G" "A[C>A]T" "C[C>A]A" "C[C>A]C" "C[C>A]G" "C[C>A]T" "G[C>A]A" "G[C>A]C" "G[C>A]G" "G[C>A]T" "T[C>A]A" "T[C>A]C" "T[C>A]G" "T[C>A]T" "A[C>G]A" "A[C>G]C" "A[C>G]G" "A[C>G]T" "C[C>G]A" "C[C>G]C" "C[C>G]G" "C[C>G]T" "G[C>G]A" "G[C>G]C" "G[C>G]G" "G[C>G]T" "T[C>G]A" "T[C>G]C" "T[C>G]G" "T[C>G]T" "A[C>T]A" "A[C>T]C" "A[C>T]G" "A[C>T]T" "C[C>T]A" "C[C>T]C" "C[C>T]G" "C[C>T]T" "G[C>T]A" "G[C>T]C" "G[C>T]G" "G[C>T]T" "T[C>T]A" "T[C>T]C" "T[C>T]G" "T[C>T]T" "A[T>A]A" "A[T>A]C" "A[T>A]G" "A[T>A]T" "C[T>A]A" "C[T>A]C" "C[T>A]G" "C[T>A]T" "G[T>A]A" "G[T>A]C" "G[T>A]G" "G[T>A]T" "T[T>A]A" "T[T>A]C" "T[T>A]G" "T[T>A]T" "A[T>C]A" "A[T>C]C" "A[T>C]G" "A[T>C]T" "C[T>C]A" "C[T>C]C" "C[T>C]G" "C[T>C]T" "G[T>C]A" "G[T>C]C" "G[T>C]G" "G[T>C]T" "T[T>C]A" "T[T>C]C" "T[T>C]G" "T[T>C]T" "A[T>G]A" "A[T>G]C" "A[T>G]G" "A[T>G]T" "C[T>G]A" "C[T>G]C" "C[T>G]G" "C[T>G]T" "G[T>G]A" "G[T>G]C" "G[T>G]G" "G[T>G]T" "T[T>G]A" "T[T>G]C" "T[T>G]G" "T[T>G]T"
"PD44580" 273 388 39 473 226 120 38 380 281 193 41 286 1579 330 56 10650 97 58 14 73 37 51 18 60 40 39 9 54 72 56 15 146 350 444 2624 527 214 280 1082 375 424 1476 3540 1274 434 1156 4953 1952 165 93 64 706 67 63 50 119 34 39 27 89 242 72 48 336 609 236 266 496 127 139 118 142 897 613 299 1096 501 524 208 502 126 135 63 742 109 80 81 487 43 75 35 109 386 274 98 3145
"PD44581" 364 876 68 649 850 486 139 2024 452 435 84 589 3493 558 187 9561 126 61 12 95 40 47 12 67 34 61 8 45 74 59 5 150 444 396 2676 487 424 536 1510 759 402 748 1816 849 390 741 1323 966 324 794 146 3573 61 157 88 180 132 355 121 597 649 192 58 321 937 429 782 717 507 466 625 773 618 353 556 556 751 750 592 861 133 67 67 499 407 111 290 1162 39 45 45 319 444 72 101 1171
"PD44582" 279 454 34 275 407 250 51 592 327 262 47 285 1284 346 96 3223 64 47 9 51 22 28 14 43 24 43 1 33 48 44 8 112 247 212 1493 258 226 282 790 369 232 456 973 445 223 366 657 437 153 365 85 1488 40 90 53 81 37 172 52 241 295 82 44 172 429 232 334 340 262 240 284 322 289 197 291 274 339 315 232 358 87 29 56 270 223 63 172 599 23 23 18 189 254 46 65 594
"PD44585" 241 351 34 293 385 205 59 716 277 201 48 258 1174 281 74 3093 61 36 8 58 18 26 6 43 20 40 4 24 31 34 6 61 279 269 1278 339 257 347 660 405 209 420 819 404 193 351 545 396 150 292 65 1425 41 64 56 88 39 140 56 222 264 74 41 148 467 235 419 393 294 214 354 365 325 199 278 295 380 385 320 444 68 36 37 270 209 77 139 598 23 25 15 160 201 36 56 509
"PD44586" 150 282 36 574 180 92 27 541 114 142 18 376 1656 316 52 14606 52 28 8 29 17 16 10 28 28 29 4 31 23 18 10 62 241 378 2003 515 131 209 603 284 354 1551 2975 1272 333 1283 5518 2308 97 51 23 555 20 33 30 66 17 25 23 59 144 50 34 253 452 211 147 304 74 65 65 87 881 585 246 965 374 478 178 387 76 142 52 778 77 64 53 452 31 73 36 141 307 250 64 3131
"PD44587" 405 675 68 1186 478 257 65 1419 394 317 78 751 3657 755 144 31032 143 61 16 118 43 54 16 72 80 42 7 57 94 63 13 159 602 961 5124 1129 353 543 1983 658 797 3274 7098 3016 823 2794 11045 4989 352 212 102 1493 59 65 84 145 63 67 50 158 413 136 81 709 1212 591 419 1141 174 205 174 211 1821 1167 543 2210 887 997 368 1106 161 270 99 1376 156 111 97 958 56 128 54 258 593 477 127 5854
"PD44588" 261 251 62 152 200 132 28 242 171 127 39 122 400 216 53 748 116 74 22 82 80 58 25 111 35 40 13 39 104 77 22 173 413 235 1581 288 239 209 823 301 233 267 1116 227 218 251 634 258 133 141 72 722 95 97 159 125 44 52 46 63 203 61 52 137 357 122 205 336 118 105 151 121 129 80 113 177 170 125 109 244 57 20 51 97 80 54 82 250 33 17 124 79 108 45 59 313
"PD44589" 281 507 53 967 350 166 34 1082 246 231 36 724 2810 546 67 24086 100 59 5 121 40 42 8 58 58 52 3 80 106 60 7 201 471 659 3536 884 271 387 1291 470 687 3027 5912 2684 712 2126 9650 3854 219 127 74 1123 64 233 93 293 59 72 54 134 318 109 76 500 954 427 296 712 174 551 259 538 1644 1209 476 1872 757 828 308 773 140 238 74 1337 189 890 264 4472 53 237 77 1115 444 441 94 4824
"PD44590" 484 328 52 250 384 173 53 327 394 227 59 248 551 348 84 830 148 93 24 132 79 67 26 92 65 62 13 66 119 76 17 212 576 341 3708 463 404 430 1870 545 420 489 2344 506 399 479 1381 470 198 217 125 894 72 78 104 116 46 76 57 111 263 74 65 270 604 248 342 737 227 179 205 220 270 175 189 285 270 229 132 467 64 41 68 111 60 65 78 155 39 26 36 98 106 57 95 340
"PD44591" 286 611 37 832 289 171 36 925 291 277 22 576 2605 547 81 20652 111 46 9 75 27 34 3 38 65 30 4 53 70 62 4 146 413 604 3478 816 241 358 1398 435 525 2489 5323 2184 653 2009 7856 3569 160 98 43 1210 37 56 54 120 42 56 20 112 320 106 59 438 712 333 294 454 111 167 125 125 1450 944 429 1605 616 805 272 514 129 204 83 1053 143 99 97 695 44 91 34 176 447 320 109 4223
"PD44592" 619 1339 76 1808 1263 1030 101 3224 989 1073 74 1092 4326 1274 140 33061 230 155 29 222 121 74 28 159 173 215 27 235 313 172 29 658 896 1294 6810 1632 645 1556 2555 1534 1852 4180 8475 4035 1459 3314 15197 5760 460 418 204 2192 488 661 537 1674 156 189 94 311 707 215 173 914 1424 692 590 923 449 606 508 685 2377 1617 729 2850 1298 1562 595 1181 327 422 248 2544 292 244 258 1691 80 239 119 477 840 728 289 8130
"PD44593" 211 388 33 721 242 88 32 782 234 191 26 445 1898 344 62 16120 81 36 6 56 17 21 11 36 61 33 1 49 67 35 2 105 352 570 3337 659 223 319 1102 389 442 1788 4071 1603 548 1412 7017 2694 120 64 34 918 36 50 41 89 22 20 17 83 219 57 39 340 631 324 269 384 116 147 106 136 1075 689 338 1327 580 728 296 562 116 210 67 1035 121 106 76 651 34 115 27 170 314 303 73 3492
