"A[C>A]A" "A[C>A]C" "A[C>A]G" "A[C>A]T" "C[C>A]A" "C[C>A]C" "C[C>A]G" "C[C>A]T" "G[C>A]A" "G[C>A]C" "G[C>A]G" "G[C>A]T" "T[C>A]A" "T[C>A]C" "T[C>A]G" "T[C>A]T" "A[C>G]A" "A[C>G]C" "A[C>G]G" "A[C>G]T" "C[C>G]A" "C[C>G]C" "C[C>G]G" "C[C>G]T" "G[C>G]A" "G[C>G]C" "G[C>G]G" "G[C>G]T" "T[C>G]A" "T[C>G]C" "T[C>G]G" "T[C>G]T" "A[C>T]A" "A[C>T]C" "A[C>T]G" "A[C>T]T" "C[C>T]A" "C[C>T]C" "C[C>T]G" "C[C>T]T" "G[C>T]A" "G[C>T]C" "G[C>T]G" "G[C>T]T" "T[C>T]A" "T[C>T]C" "T[C>T]G" "T[C>T]T" "A[T>A]A" "A[T>A]C" "A[T>A]G" "A[T>A]T" "C[T>A]A" "C[T>A]C" "C[T>A]G" "C[T>A]T" "G[T>A]A" "G[T>A]C" "G[T>A]G" "G[T>A]T" "T[T>A]A" "T[T>A]C" "T[T>A]G" "T[T>A]T" "A[T>C]A" "A[T>C]C" "A[T>C]G" "A[T>C]T" "C[T>C]A" "C[T>C]C" "C[T>C]G" "C[T>C]T" "G[T>C]A" "G[T>C]C" "G[T>C]G" "G[T>C]T" "T[T>C]A" "T[T>C]C" "T[T>C]G" "T[T>C]T" "A[T>G]A" "A[T>G]C" "A[T>G]G" "A[T>G]T" "C[T>G]A" "C[T>G]C" "C[T>G]G" "C[T>G]T" "G[T>G]A" "G[T>G]C" "G[T>G]G" "G[T>G]T" "T[T>G]A" "T[T>G]C" "T[T>G]G" "T[T>G]T"
"PD44580_genes" 1 2 1 0 1 0 0 2 2 1 0 0 10 0 0 35 0 1 0 0 1 2 0 0 1 1 0 0 0 3 1 0 1 5 41 4 4 2 32 3 3 18 57 7 1 10 61 10 0 0 1 1 1 0 1 1 1 0 0 0 0 1 0 1 1 0 1 1 2 1 2 0 1 4 1 3 1 4 1 0 0 0 1 0 0 0 1 5 0 1 0 0 1 3 1 7
"PD44581_genes" 1 8 0 5 5 5 1 11 3 6 3 3 21 3 3 38 1 1 0 0 0 0 0 0 0 2 1 1 2 0 0 3 4 6 38 5 2 3 35 10 4 6 35 8 1 6 24 4 0 5 0 5 0 2 1 1 0 3 1 2 0 1 1 0 2 2 6 2 2 2 4 6 5 3 7 3 2 6 7 3 2 2 1 1 3 2 3 5 0 0 0 0 0 3 1 2
"PD44582_genes" 1 1 1 1 3 1 1 2 2 3 0 3 5 5 1 16 0 0 0 0 0 1 0 1 0 2 0 0 1 1 1 3 4 3 29 1 0 5 27 6 3 5 20 4 0 3 13 4 1 3 1 1 0 2 1 1 0 3 0 3 0 1 0 1 1 4 4 2 1 2 2 1 2 4 4 1 2 1 2 1 0 0 1 0 0 1 0 4 0 0 0 2 0 0 3 0
"PD44585_genes" 3 2 1 0 3 1 0 3 3 4 3 1 6 2 1 17 1 2 0 0 0 0 0 2 2 2 0 1 0 0 0 1 1 3 16 1 2 3 17 2 0 5 16 7 3 4 11 2 0 0 0 3 0 1 1 1 0 2 0 1 0 0 2 0 1 4 4 1 1 1 1 2 6 0 4 3 0 5 2 1 0 0 1 0 3 1 2 5 0 1 0 0 0 1 0 1
"PD44586_genes" 1 1 0 0 0 1 0 1 1 0 0 0 5 1 0 66 2 1 0 0 0 0 1 1 0 1 0 0 0 0 0 1 1 6 24 0 2 3 10 1 3 11 49 7 1 12 61 7 0 1 1 0 0 0 0 0 0 0 0 0 0 0 0 0 2 1 2 3 1 0 0 0 4 2 1 0 2 4 1 3 0 0 0 1 0 0 1 0 0 0 0 0 1 0 0 5
"PD44587_genes" 2 1 0 3 3 4 2 1 3 2 2 1 16 3 4 92 0 2 0 1 0 1 0 0 0 0 0 0 1 1 0 0 6 8 65 8 4 4 55 2 4 43 127 19 4 23 159 13 0 0 0 2 0 1 2 0 1 2 0 0 0 1 1 4 6 6 3 3 1 2 2 0 9 11 2 6 1 8 2 3 1 3 1 2 0 0 0 5 0 0 0 0 0 4 1 10
"PD44588_genes" 2 2 2 1 0 2 1 2 3 1 0 1 4 4 2 2 1 1 0 1 1 0 0 1 0 0 1 2 0 0 0 2 6 3 23 1 3 1 21 1 1 4 19 3 4 4 13 2 0 0 0 1 1 0 1 0 0 0 0 0 0 0 1 1 1 2 0 0 0 0 1 2 4 2 3 1 2 1 1 0 0 0 0 0 1 1 0 1 0 0 0 0 0 0 0 0
"PD44589_genes" 1 4 1 2 0 0 2 5 1 4 0 4 7 3 4 88 0 0 0 0 2 0 0 1 0 0 0 2 1 2 0 3 3 6 48 2 6 9 42 3 1 22 100 17 0 6 136 22 0 2 0 2 0 5 2 1 1 0 2 1 1 1 2 0 1 2 1 3 0 5 0 1 12 7 3 6 1 8 0 3 0 0 0 3 1 4 2 19 0 5 0 3 1 0 1 13
"PD44590_genes" 2 2 0 0 4 3 1 5 2 1 2 1 2 4 2 7 0 1 0 0 1 0 0 2 0 2 0 1 1 0 0 1 4 5 47 4 8 3 32 8 6 7 52 7 6 4 37 2 0 2 0 2 0 0 1 1 2 0 0 0 0 0 0 0 2 1 4 3 1 1 3 3 2 1 2 3 1 1 0 3 1 0 1 1 0 0 1 2 0 0 0 1 0 0 0 1
"PD44591_genes" 0 1 0 1 0 0 1 1 2 4 0 6 7 4 0 64 1 1 0 0 1 0 0 0 1 0 0 2 0 0 0 1 4 6 54 5 1 4 34 4 5 25 103 19 2 11 109 16 0 0 0 1 0 0 1 2 0 0 1 2 0 1 2 0 3 5 2 1 0 2 2 1 5 4 3 8 0 3 1 0 0 1 1 4 0 0 0 4 0 0 0 0 0 2 1 5
"PD44592_genes" 3 9 1 4 3 7 0 20 9 10 1 6 12 7 5 108 0 1 0 3 1 2 1 0 1 3 2 1 2 1 1 2 4 7 94 7 5 18 37 18 16 33 139 41 8 18 204 39 0 0 2 3 2 2 1 10 2 3 1 5 0 2 1 3 6 3 4 3 0 5 3 5 14 19 9 10 5 11 2 5 2 4 2 4 0 2 4 13 0 1 1 3 2 4 3 17
"PD44593_genes" 1 1 2 3 2 0 0 1 1 2 1 2 10 3 1 63 1 1 0 0 0 0 1 0 2 2 0 0 0 0 0 0 3 6 34 5 2 3 17 3 3 15 86 9 6 4 97 14 1 1 0 2 1 0 1 1 0 0 1 0 1 0 0 4 1 1 6 0 1 2 1 0 4 5 3 4 4 4 2 5 1 0 0 2 0 2 0 1 0 2 0 0 0 2 0 8
