"POLE_blood" "POLD1_blood" "POLE_sperm" "POLD1_sperm"
"ACA" 133209510 104378801 111235547 116442565
"ACC" 71544693 56091636 58808907 61530502
"ACG" 13444338 10587474 10964689 11501818
"ACT" 103498253 80902621 86279989 90248417
"ATA" 139943093 109022012 118605670 123815422
"ATC" 87067672 68160687 72884913 76091066
"ATG" 110777617 86224383 93083257 97070501
"ATT" 165142347 127864262 139616969 145625011
"CCA" 115751489 90805665 94945056 99425607
"CCC" 76819930 60408172 62763436 65479455
"CCG" 13148820 10460310 10463024 11016613
"CCT" 107819806 84497018 88522373 92517244
"CTA" 87879982 68515234 73390845 76801707
"CTC" 103256839 81061470 84953820 88750247
"CTG" 116500179 91125554 95953530 100207239
"CTT" 127233158 98537887 106842268 111104605
"GCA" 59788737 46852738 49269545 51453837
"GCC" 69383377 54545555 56130893 58810566
"GCG" 10961938 8725976 8677726 9153014
"GCT" 85140713 66666711 69945412 73105089
"GTA" 78200521 61018867 65421222 68543863
"GTC" 60761365 47648182 50385569 52606275
"GTG" 84890892 66269255 70230714 73306106
"GTT" 92517026 71518458 77652452 80793529
"TCA" 131615634 103180494 109438517 114708152
"TCC" 96076894 75350223 79292453 82792426
"TCG" 11560293 9118911 9386259 9849180
"TCT" 143273191 111973730 119143188 124631959
"TTA" 150097900 117026012 126453186 132603581
"TTC" 135017123 105644241 113158199 118264326
"TTG" 118723400 92679872 99259973 103807166
"TTT" 254086458 196895950 213527727 223447220
