"POLE_blood" "POLD1_blood" "POLE_sperm" "POLD1_sperm"
"ACA" 1.04669273873965 1.05030605725744 1.04987330548892 1.05145650323505
"ACC" 0.974941643525244 0.978856185629936 0.962617211501775 0.963578769060533
"ACG" 0.847807415246988 0.855007119349131 0.830545490009752 0.833527335293521
"ACT" 1.01957396987569 1.0206289843734 1.02095151774269 1.02169408799587
"ATA" 1.07573748779458 1.07321964430986 1.09513990489719 1.09376782713581
"ATC" 1.03349275863653 1.03610567000229 1.03919599225754 1.0379579061353
"ATG" 0.955922358556011 0.95284066213637 0.964831535655584 0.962616805986983
"ATT" 1.0498610267753 1.04097937204197 1.06615631836109 1.06391002236017
"CCA" 0.994554011329193 0.999158335896871 0.979903840851324 0.981738008891375
"CCC" 0.925941500575861 0.93244864474792 0.908710762143963 0.907006221117743
"CCG" 0.754657823876554 0.76882489915725 0.721323096304522 0.726619351014563
"CCT" 0.962126421634335 0.965594011033329 0.948846501490428 0.948750132759811
"CTA" 1.08003052360473 1.07833276502269 1.08342106752443 1.0847071690204
"CTC" 0.972036475603438 0.977232264199369 0.960629603750897 0.960127422824276
"CTG" 0.911180879742729 0.912720432011087 0.901463775567108 0.900684458319123
"CTT" 1.01054844971123 1.00225830682312 1.01931695886533 1.0141085878379
"GCA" 0.657911651344892 0.660241409972119 0.651232502813105 0.650671121605358
"GCC" 0.924099168021572 0.930340861976794 0.897996026461776 0.900148313067319
"GCG" 0.72982722330967 0.743988662569487 0.693981620444401 0.700313360079271
"GCT" 0.965105631636694 0.967756690767949 0.952370901630738 0.952315262275784
"GTA" 1.09247293295384 1.09165338154227 1.0978146177027 1.10043699784004
"GTC" 1.01937860540202 1.02370285253388 1.01536801374718 1.01424087950067
"GTG" 0.895054898488106 0.894788205289914 0.889457043100356 0.888227662791281
"GTT" 1.00575269820177 0.995651312362134 1.0139908461888 1.00934976955639
"TCA" 1.06489398232461 1.06909446560015 1.06360019920819 1.06656847582784
"TCC" 0.986342881547608 0.990633676541491 0.977800221710546 0.976776350306835
"TCG" 0.830031695191613 0.838471678301944 0.809520193308157 0.812683564507094
"TCT" 1.02658960239951 1.02746647152569 1.02544049114033 1.02625885269686
"TTA" 1.14367717325612 1.1419072443699 1.1573585672856 1.16112682053054
"TTC" 1.08523498633889 1.08742759526278 1.09252222716187 1.09240647364082
"TTG" 0.993187040854107 0.992886783789372 0.997420269096818 0.997970309593574
"TTT" 1.04779228598674 1.03980055888769 1.05768725850281 1.05892255975462
