"C>A,A-A" "C>A,A-C" "C>A,A-G" "C>A,A-T" "C>A,C-A" "C>A,C-C" "C>A,C-G" "C>A,C-T" "C>A,G-A" "C>A,G-C" "C>A,G-G" "C>A,G-T" "C>A,T-A" "C>A,T-C" "C>A,T-G" "C>A,T-T" "C>G,A-A" "C>G,A-C" "C>G,A-G" "C>G,A-T" "C>G,C-A" "C>G,C-C" "C>G,C-G" "C>G,C-T" "C>G,G-A" "C>G,G-C" "C>G,G-G" "C>G,G-T" "C>G,T-A" "C>G,T-C" "C>G,T-G" "C>G,T-T" "C>T,A-A" "C>T,A-C" "C>T,A-G" "C>T,A-T" "C>T,C-A" "C>T,C-C" "C>T,C-G" "C>T,C-T" "C>T,G-A" "C>T,G-C" "C>T,G-G" "C>T,G-T" "C>T,T-A" "C>T,T-C" "C>T,T-G" "C>T,T-T" "T>A,A-A" "T>A,A-C" "T>A,A-G" "T>A,A-T" "T>A,C-A" "T>A,C-C" "T>A,C-G" "T>A,C-T" "T>A,G-A" "T>A,G-C" "T>A,G-G" "T>A,G-T" "T>A,T-A" "T>A,T-C" "T>A,T-G" "T>A,T-T" "T>C,A-A" "T>C,A-C" "T>C,A-G" "T>C,A-T" "T>C,C-A" "T>C,C-C" "T>C,C-G" "T>C,C-T" "T>C,G-A" "T>C,G-C" "T>C,G-G" "T>C,G-T" "T>C,T-A" "T>C,T-C" "T>C,T-G" "T>C,T-T" "T>G,A-A" "T>G,A-C" "T>G,A-G" "T>G,A-T" "T>G,C-A" "T>G,C-C" "T>G,C-G" "T>G,C-T" "T>G,G-A" "T>G,G-C" "T>G,G-G" "T>G,G-T" "T>G,T-A" "T>G,T-C" "T>G,T-G" "T>G,T-T"
"PD44580_1" 5 14 1 26 12 4 0 42 13 11 1 20 92 27 1 817 0 6 0 4 1 3 0 0 1 2 0 4 1 1 0 2 16 15 73 28 5 10 57 8 17 84 146 73 17 65 169 101 2 7 1 47 1 0 2 9 3 2 0 4 10 1 2 28 32 21 14 17 10 6 9 9 64 41 19 80 41 55 20 36 8 9 5 60 8 6 7 46 2 8 1 8 16 21 4 203
"PD44580_10" 14 26 4 34 6 3 0 40 10 9 1 22 98 17 3 699 5 4 0 5 1 0 0 0 2 1 0 0 1 4 0 4 8 16 111 28 9 11 63 19 18 95 159 66 17 55 270 107 9 4 2 53 1 3 1 1 0 2 3 5 18 3 2 18 37 14 19 20 6 10 8 8 57 33 28 50 39 60 22 29 13 11 2 75 9 7 7 40 1 3 0 7 12 10 4 169
"PD44580_11" 9 10 0 19 15 3 2 33 5 4 0 15 80 13 1 520 1 1 0 0 0 0 0 1 2 1 1 1 1 0 0 3 6 17 59 16 6 5 34 6 6 62 118 54 11 26 137 57 6 1 2 38 1 2 0 5 2 0 1 2 11 0 0 14 29 13 12 10 2 6 2 11 50 29 11 53 14 25 7 20 1 4 3 36 7 3 3 28 0 2 0 4 7 14 4 150
"PD44580_12" 1 10 0 7 1 2 2 20 2 4 0 8 31 5 0 237 0 0 0 0 0 1 0 0 1 0 0 0 2 0 0 0 5 6 26 10 0 4 8 5 10 22 48 26 3 16 76 32 2 0 0 17 0 0 0 3 2 0 0 1 2 0 0 4 10 4 6 8 3 2 2 1 19 13 14 23 10 16 3 6 2 4 0 15 2 1 1 13 0 2 0 2 7 4 0 48
"PD44580_13" 13 15 2 39 14 4 1 34 16 8 0 20 99 23 7 834 3 0 0 2 1 0 0 0 1 1 0 2 0 2 0 1 16 20 101 20 7 11 44 19 20 96 179 71 12 58 210 104 10 6 0 44 1 2 1 3 1 4 1 5 11 0 2 16 21 15 9 11 4 5 9 5 54 40 19 71 31 40 21 42 5 8 3 36 6 1 5 35 2 7 0 11 35 15 3 194
"PD44580_14" 23 19 3 22 12 10 1 23 14 10 4 15 80 18 2 655 8 6 1 2 3 3 1 2 0 3 1 6 2 5 0 9 19 28 155 28 14 14 75 21 26 85 198 65 22 61 273 108 7 3 4 34 8 4 5 7 2 2 4 8 13 1 2 13 38 14 15 19 6 3 6 9 52 47 15 55 31 24 14 31 6 6 3 41 4 7 6 27 1 4 3 3 25 12 6 195
"PD44580_15" 18 27 4 12 18 11 2 25 10 13 2 16 90 23 9 566 9 2 1 3 1 6 1 4 2 8 2 4 3 3 1 17 29 23 164 32 17 19 77 25 22 89 209 81 21 61 277 119 6 7 7 40 3 3 3 8 2 2 2 0 10 3 3 12 38 15 20 27 5 10 9 9 66 21 15 54 22 41 8 29 2 9 2 40 6 0 10 22 1 6 2 6 28 17 5 166
"PD44580_16" 17 20 3 22 8 9 0 26 16 8 1 8 76 16 1 531 11 3 0 9 5 5 2 6 3 6 2 6 3 8 1 11 23 27 155 34 20 16 70 30 23 87 230 96 25 78 289 101 12 4 3 43 3 5 6 7 1 3 4 5 8 3 3 20 40 14 20 20 6 7 10 3 45 31 19 63 36 25 17 27 6 7 4 48 3 2 5 28 1 7 1 5 18 10 3 192
"PD44580_17" 18 19 2 24 11 7 3 24 15 12 2 16 82 14 1 607 4 3 1 3 3 6 1 1 1 2 0 2 3 3 0 6 20 17 158 30 9 11 64 19 29 76 205 77 27 69 299 98 7 8 3 39 2 6 3 6 3 4 3 7 12 4 3 20 27 9 12 16 9 15 5 9 60 25 24 65 38 26 17 30 9 10 2 36 10 2 4 25 5 4 4 8 27 14 3 216
"PD44580_18" 16 23 2 37 16 5 5 23 17 13 1 17 97 23 2 631 7 2 0 5 1 4 2 5 4 2 0 3 4 1 0 3 17 28 172 36 6 26 52 26 29 93 188 56 22 61 296 131 7 3 4 40 1 4 1 10 1 0 1 4 10 5 2 12 30 16 15 20 9 5 6 8 60 33 15 58 26 25 9 20 4 8 4 49 7 6 5 34 1 3 1 4 18 20 3 163
"PD44580_2" 2 3 0 4 1 2 0 9 2 1 0 4 12 2 0 110 2 0 0 0 0 0 0 1 0 0 0 0 0 0 0 0 4 3 12 6 0 1 7 1 0 17 20 9 2 6 26 15 0 1 1 6 1 1 0 2 0 0 0 1 1 1 2 6 6 1 3 4 2 6 0 0 10 9 1 4 8 11 3 4 3 2 2 6 0 1 0 5 0 3 0 1 7 8 0 25
"PD44580_20" 0 0 0 0 0 0 0 0 1 0 0 0 0 0 0 37 0 0 0 0 0 0 0 0 0 0 0 0 0 0 0 0 0 0 1 0 0 0 0 0 0 0 4 1 0 0 6 0 0 0 0 2 0 0 0 0 0 0 0 0 1 0 0 0 0 0 0 0 0 0 0 0 0 0 0 0 0 0 0 0 0 0 0 0 0 0 0 0 0 0 0 0 0 0 0 2
"PD44580_21" 9 21 1 25 8 4 2 30 19 12 3 24 94 20 3 768 0 4 1 1 1 1 0 3 2 1 0 2 2 0 0 2 11 20 117 30 11 15 56 17 18 81 186 69 13 41 232 106 13 10 3 47 1 4 3 4 3 3 0 7 20 2 4 22 29 15 14 29 8 8 4 3 67 28 18 71 26 38 6 27 5 14 1 42 5 7 6 30 0 4 4 6 17 12 3 221
"PD44580_22" 18 20 1 32 16 6 2 45 11 11 0 20 92 17 2 880 7 2 0 3 0 0 0 1 1 1 1 1 2 1 0 4 10 27 111 28 4 12 38 16 17 68 161 67 20 59 161 86 5 2 3 57 3 1 1 5 0 1 0 2 22 4 2 21 23 15 11 17 5 11 8 9 60 34 24 59 35 42 13 38 2 6 4 55 13 2 9 33 3 2 2 13 22 18 4 197
"PD44580_23" 10 13 3 35 14 4 2 53 9 10 2 17 80 21 3 789 11 4 0 3 0 2 1 0 0 1 0 5 1 1 0 4 13 14 106 32 8 6 36 15 12 81 150 68 12 54 144 108 5 3 2 55 4 3 3 5 1 1 1 7 19 5 4 22 27 19 13 14 6 4 5 6 61 50 29 70 39 54 23 29 5 14 3 65 13 4 7 54 3 8 2 14 13 21 5 223
"PD44580_24" 5 9 0 13 1 0 1 16 10 2 0 10 39 10 2 269 1 0 0 1 0 1 0 1 1 0 0 1 0 0 0 1 2 3 23 11 2 7 13 0 7 26 42 31 4 17 75 27 2 1 0 18 0 0 0 1 0 3 0 3 8 1 0 6 14 4 3 7 1 5 1 4 23 14 11 22 13 13 4 9 2 7 2 30 3 2 4 22 0 3 0 4 10 6 1 59
"PD44580_25" 12 18 2 33 13 4 2 34 10 12 3 20 92 18 4 849 2 2 1 0 1 0 0 1 1 0 0 2 0 0 0 1 12 22 97 36 9 12 50 21 18 86 125 75 12 51 221 85 1 2 0 59 2 3 0 2 1 2 1 6 16 2 0 23 39 19 10 20 2 6 11 11 55 27 23 58 24 42 17 29 6 9 5 62 6 5 1 35 3 6 0 10 15 11 2 242
"PD44580_26" 9 25 2 36 9 4 1 63 14 8 1 30 76 15 5 862 5 2 0 5 2 1 0 1 3 1 0 1 1 0 0 2 15 12 88 25 8 5 50 11 20 84 169 80 18 42 188 96 5 3 1 52 1 1 3 6 1 2 0 4 15 2 3 13 35 15 22 14 9 9 5 5 58 39 19 61 22 32 21 24 7 14 4 55 8 4 7 53 1 2 4 14 14 15 3 198
"PD44580_27" 8 22 2 44 21 5 0 36 9 5 2 27 85 13 0 871 2 0 0 1 0 0 0 2 0 2 0 1 0 2 1 3 16 20 85 24 8 8 49 14 21 80 175 93 13 48 162 82 5 3 2 52 1 4 1 5 2 3 0 4 15 3 1 21 38 19 18 13 9 6 8 8 66 42 22 69 37 55 10 25 8 14 2 59 10 4 6 50 2 5 1 6 17 24 3 160
"PD44580_28" 9 22 0 30 15 8 0 51 15 5 1 26 109 12 2 807 3 0 0 3 1 0 0 1 1 1 0 5 1 2 0 3 12 33 122 18 8 16 45 13 19 88 155 83 16 72 217 111 9 4 2 46 1 1 3 3 3 2 3 5 16 5 4 20 18 14 7 31 5 9 6 6 41 35 15 65 34 30 14 37 5 5 4 58 5 5 7 24 1 4 1 4 13 13 1 195
"PD44580_29" 13 21 1 51 5 6 4 41 9 9 1 20 92 24 2 827 3 2 0 3 1 1 0 1 1 0 0 2 0 0 0 1 17 30 104 23 9 9 40 12 13 68 157 64 21 58 219 120 7 5 3 59 1 3 0 6 0 1 0 7 21 2 1 10 34 11 6 13 1 2 8 9 54 40 26 60 29 41 24 25 5 12 7 60 6 4 2 32 5 3 2 13 19 18 5 193
"PD44580_3" 1 4 0 10 3 2 0 18 2 7 0 9 25 5 1 283 0 0 0 0 0 0 0 0 1 0 0 1 0 0 0 1 4 8 29 10 2 6 21 0 6 33 70 25 7 14 72 31 2 1 0 22 1 1 1 0 0 0 0 0 4 0 0 5 11 4 6 5 2 3 6 2 22 19 12 21 10 23 6 14 3 3 0 16 5 0 0 18 0 3 1 6 7 7 1 67
"PD44580_30" 22 26 0 32 13 8 3 32 4 13 0 18 83 27 1 691 4 2 0 3 4 0 1 3 0 1 0 3 3 3 1 2 17 28 69 31 7 10 43 14 11 51 135 65 9 49 202 110 4 5 5 45 1 1 2 7 1 1 1 4 7 4 2 19 15 19 9 21 5 11 3 5 61 41 15 54 26 40 10 23 2 6 0 47 6 1 3 25 1 2 0 16 15 13 7 163
"PD44580_31" 11 18 1 33 18 4 3 54 25 10 1 25 103 15 3 890 5 3 0 0 0 1 0 0 1 2 1 4 0 2 0 6 12 19 85 25 5 8 49 11 20 68 159 82 14 46 200 105 6 5 2 62 0 4 0 3 0 2 1 8 13 2 3 14 24 21 11 18 5 6 3 8 51 35 19 60 23 43 18 18 5 9 2 50 8 6 4 49 3 5 0 10 14 14 3 183
"PD44580_32" 0 0 0 2 2 0 0 3 0 2 1 2 8 0 0 50 0 0 0 0 0 0 1 0 0 0 0 0 0 0 0 0 3 1 8 3 1 0 2 2 0 6 5 3 0 2 10 2 0 0 0 4 0 0 0 0 0 0 0 0 1 0 0 1 0 0 0 1 0 1 0 0 2 3 0 2 4 1 1 0 1 1 0 2 0 0 0 0 0 0 0 1 1 0 0 2
"PD44580_33" 13 28 1 30 8 1 2 29 10 11 0 15 95 19 3 620 3 4 1 2 0 2 1 3 3 0 0 1 3 1 2 4 12 24 154 30 9 12 60 24 32 73 203 74 25 65 306 90 17 11 1 33 7 2 3 11 5 1 0 2 23 5 2 35 42 22 16 50 2 8 6 5 46 35 15 54 19 28 13 41 6 8 4 42 6 2 4 32 3 2 3 6 28 16 3 167
"PD44580_34" 4 7 1 10 1 2 1 12 1 5 1 6 28 5 1 185 2 2 0 0 1 0 0 0 0 0 0 0 1 0 0 1 5 4 31 8 4 4 12 7 3 14 50 14 6 16 73 22 12 9 0 22 3 0 0 7 1 1 2 6 14 5 0 25 28 14 10 60 2 1 1 0 15 12 7 28 10 10 2 31 6 5 1 14 1 0 1 9 4 1 1 7 8 6 4 87
"PD44580_35" 2 4 2 1 2 0 0 2 2 1 0 3 9 2 0 81 0 0 0 0 1 0 0 0 1 0 0 0 0 2 0 2 2 3 19 2 1 3 1 3 1 15 26 5 2 8 36 13 1 0 0 8 1 0 0 3 0 1 0 0 4 3 0 4 5 2 0 1 0 0 2 0 9 3 2 4 5 5 3 2 1 1 0 7 0 0 0 2 0 1 0 1 3 1 0 21
"PD44580_4" 7 15 0 19 6 8 0 30 2 5 0 16 52 7 3 419 4 0 0 4 0 0 0 1 1 0 0 1 1 0 0 2 6 13 45 15 8 8 17 10 11 42 78 30 7 21 93 54 4 3 3 28 0 1 0 3 0 1 1 0 15 1 0 4 21 13 5 9 2 9 1 5 42 31 6 39 21 22 14 16 6 7 3 43 4 4 6 20 1 8 1 4 9 9 2 97
"PD44580_5" 4 7 0 19 7 1 1 21 7 9 0 17 34 7 2 397 1 0 0 1 1 0 0 0 1 0 0 0 0 2 0 0 7 7 39 14 1 6 22 7 10 45 68 40 8 20 88 49 3 3 1 23 4 2 0 3 1 1 0 2 6 2 2 8 23 8 6 11 1 9 4 3 32 14 10 28 11 27 8 23 3 8 3 30 7 2 1 23 0 1 1 3 5 3 2 117
"PD44580_6" 10 17 0 23 12 3 0 19 6 7 1 20 46 12 1 493 4 1 0 3 0 1 0 0 1 1 0 3 1 0 0 2 14 9 56 21 6 11 36 9 13 56 90 45 13 32 114 55 6 0 1 34 0 1 0 7 1 1 1 2 4 0 0 10 16 11 8 9 4 10 1 9 40 31 14 44 18 26 17 11 11 9 4 39 6 1 3 31 0 3 2 7 13 5 4 147
"PD44580_7" 9 12 1 27 9 7 2 47 10 10 2 23 102 15 2 809 3 2 0 1 0 2 0 2 2 0 0 1 0 1 0 0 12 37 93 28 5 15 46 10 23 79 159 60 8 50 181 91 3 2 2 59 4 7 1 4 1 1 0 6 18 5 0 21 41 26 12 25 2 14 13 10 72 59 21 81 24 36 15 26 7 14 7 55 5 6 5 40 1 7 0 10 15 12 2 205
"PD44580_8" 11 19 2 38 13 6 1 45 6 8 2 22 115 15 1 810 2 5 0 2 0 1 0 2 4 0 0 2 3 2 0 6 14 22 93 30 8 11 40 14 27 93 139 86 17 67 160 80 2 4 2 60 1 1 3 5 1 1 0 1 24 5 1 21 41 15 16 21 4 6 5 8 59 48 17 67 30 35 19 36 4 6 4 50 10 3 7 39 1 10 1 8 23 14 4 213
"PD44580_9" 17 31 1 37 13 7 2 46 21 19 0 22 91 18 5 780 4 1 0 3 1 1 0 2 3 0 0 4 2 0 1 4 9 18 126 24 10 8 38 21 16 84 150 71 19 48 193 92 5 10 6 45 2 4 3 5 2 3 2 4 18 1 0 20 28 16 6 22 9 14 6 7 49 43 23 70 37 40 14 29 7 8 3 62 7 8 8 45 2 2 1 4 21 12 4 200
"PD44581_1" 14 37 8 34 36 18 6 105 28 21 6 25 200 28 7 495 6 2 0 6 2 1 0 5 2 0 0 4 3 4 0 9 23 14 123 29 23 30 80 39 27 49 89 46 19 56 62 51 12 37 9 135 1 14 2 7 5 10 4 26 24 12 4 12 51 14 27 36 26 26 26 43 32 17 32 32 45 48 23 56 7 2 5 21 18 6 17 73 3 3 1 24 24 4 7 65
"PD44581_10" 0 0 0 1 0 0 0 1 0 0 0 0 0 0 0 4 0 0 0 0 0 0 0 0 0 0 0 0 0 0 0 0 0 0 1 0 0 0 1 0 0 0 0 0 0 0 0 1 0 1 0 3 0 0 0 0 0 0 0 0 1 0 0 0 1 0 0 0 0 0 0 1 0 0 0 0 0 1 0 1 0 0 0 0 0 0 0 0 0 0 0 0 0 0 0 0
"PD44581_11" 17 34 3 33 47 33 10 122 22 28 8 32 167 26 9 463 10 2 0 5 2 1 1 3 4 4 0 1 3 2 0 7 31 22 135 25 23 23 80 39 13 41 108 38 20 43 73 44 16 46 5 180 4 3 6 5 9 11 8 29 32 5 2 22 44 23 34 56 23 18 34 42 39 7 26 27 31 42 36 40 3 4 4 28 14 4 12 56 0 5 3 17 22 2 9 55
"PD44581_2" 20 48 4 36 47 35 9 115 25 17 6 34 170 34 7 515 4 3 0 4 1 2 1 4 3 2 0 0 7 3 0 6 26 26 124 17 21 27 61 44 18 34 107 37 18 29 67 46 9 44 5 195 5 7 3 9 6 15 3 37 39 9 2 15 36 22 42 43 21 23 32 32 36 16 28 28 27 39 30 37 6 6 3 25 18 6 13 52 2 1 1 16 24 7 1 60
"PD44581_3" 18 37 5 21 41 29 6 107 20 20 1 31 175 31 11 459 7 2 0 6 2 3 1 2 1 5 3 1 2 2 0 7 25 20 149 26 20 19 69 33 15 36 92 53 17 45 89 41 22 42 6 171 1 11 9 8 4 18 7 25 39 9 1 18 50 15 36 51 33 22 35 45 30 17 31 30 25 48 31 33 11 3 4 30 30 6 10 59 0 0 2 19 21 6 9 62
"PD44581_4" 22 53 0 33 43 28 10 89 27 26 4 29 158 33 11 453 7 5 1 8 2 2 0 3 1 3 0 3 5 4 0 6 29 17 137 27 16 24 71 41 22 36 93 45 24 25 68 39 17 42 8 200 2 8 2 15 7 22 4 30 38 17 14 21 47 25 35 39 25 19 34 41 28 16 26 28 45 30 30 32 10 3 7 25 23 3 10 70 2 3 3 16 34 3 5 53
"PD44581_5" 20 47 5 32 47 19 9 93 24 23 3 30 176 18 6 498 3 4 1 8 2 4 0 3 0 2 0 0 4 1 0 6 29 22 144 12 16 28 76 43 29 42 99 41 16 37 68 51 14 40 9 157 5 4 3 11 10 18 9 29 34 12 3 24 41 18 45 43 25 23 28 44 37 17 30 33 39 33 34 38 5 4 2 23 16 10 15 72 0 0 0 11 17 2 4 68
"PD44581_6" 13 59 4 35 47 23 6 105 27 27 4 32 164 32 8 515 4 4 1 5 0 2 0 3 2 4 0 1 9 3 0 6 21 20 108 18 20 21 84 35 16 38 73 52 14 32 74 55 19 38 8 176 1 12 5 6 7 27 3 26 24 7 1 14 51 27 55 29 23 20 28 32 35 22 22 18 45 48 30 50 7 8 3 29 23 7 20 65 1 4 3 20 18 4 3 50
"PD44581_8" 0 4 1 3 3 1 1 11 0 2 0 3 22 2 1 51 0 0 0 0 0 0 0 0 0 0 0 0 0 0 1 1 4 0 10 2 3 2 8 3 0 1 4 2 1 1 5 5 2 1 1 15 1 0 0 2 0 1 1 1 1 1 1 1 10 3 5 3 1 5 4 3 2 1 2 1 5 3 4 4 0 1 0 1 1 0 0 1 0 0 0 0 3 0 0 4
"PD44581_9" 0 1 0 2 1 1 0 4 0 1 0 0 9 1 1 22 0 0 0 0 0 0 0 0 0 0 0 0 0 0 0 0 0 0 1 0 0 0 3 0 0 1 1 0 1 0 2 0 0 0 0 3 0 1 0 0 0 0 0 1 2 0 0 0 2 0 0 0 0 1 2 1 1 2 0 0 2 1 2 0 0 0 0 0 0 1 0 2 0 0 0 0 0 0 0 0
"PD44582_1" 16 31 3 21 39 24 5 52 19 30 3 21 78 20 4 205 4 5 2 5 3 4 1 2 2 4 0 2 5 5 0 7 17 13 91 21 15 20 44 20 12 31 58 31 18 26 36 33 8 25 4 108 4 5 3 6 3 18 2 18 20 11 3 9 28 19 26 21 15 9 22 18 18 17 18 25 35 22 10 30 7 1 5 19 13 6 9 43 3 1 0 17 14 1 7 46
"PD44582_10" 20 43 4 27 37 25 12 57 41 28 5 27 163 37 16 362 7 3 1 8 3 2 1 5 3 2 1 4 4 5 1 12 24 29 166 27 24 42 98 46 27 55 113 52 27 48 77 50 18 41 4 155 4 7 4 12 3 19 3 32 37 6 7 21 45 22 36 38 31 23 36 35 30 17 29 27 33 34 23 33 4 4 6 28 14 4 21 62 2 2 3 16 23 5 8 62
"PD44582_11" 4 8 1 4 5 5 0 4 6 5 0 9 14 8 0 58 1 3 0 0 1 1 0 0 1 3 0 0 0 0 0 2 2 1 23 4 1 4 16 3 1 7 19 5 5 5 10 2 0 7 0 26 2 0 1 3 0 6 3 4 5 1 0 2 6 3 10 6 4 4 3 3 5 0 7 5 3 1 3 5 0 0 0 2 2 2 2 5 0 1 0 3 5 1 1 14
"PD44582_2" 33 42 0 26 45 28 8 81 38 28 3 30 160 36 13 393 5 3 0 3 1 3 0 3 1 2 0 4 4 3 0 7 26 20 134 24 21 29 65 42 25 46 96 45 21 24 59 43 13 49 9 169 2 11 7 15 2 17 6 25 34 8 6 24 38 22 34 35 28 33 25 23 35 15 38 22 44 33 29 35 12 2 6 34 32 7 27 70 3 2 2 22 28 3 5 74
"PD44582_3" 25 37 6 28 39 18 3 57 38 20 7 23 108 35 14 279 11 4 1 5 4 3 2 4 1 5 0 2 4 6 0 11 23 21 113 24 27 22 48 33 27 34 77 50 19 42 48 46 16 28 10 127 4 10 7 7 3 17 8 18 36 11 5 12 41 30 38 34 20 26 30 24 33 29 33 38 39 28 20 27 7 2 3 24 19 5 23 56 2 4 3 15 31 8 9 63
"PD44582_4" 34 66 4 27 45 27 6 52 36 26 9 30 133 49 10 328 12 4 0 4 2 2 1 6 4 3 0 2 8 5 1 20 27 20 172 34 19 39 91 47 24 64 122 45 20 30 72 52 19 52 14 164 4 12 5 5 7 19 3 21 41 8 6 23 49 27 25 34 26 19 26 41 41 23 24 23 21 31 34 33 7 2 7 30 32 5 19 61 2 3 0 23 33 11 5 46
"PD44582_5" 28 64 5 27 49 20 4 54 39 39 4 36 120 42 9 361 9 6 2 7 2 3 3 2 2 10 0 3 3 8 0 9 25 19 191 30 24 26 116 41 24 43 97 40 26 46 77 43 22 30 12 159 4 7 5 7 4 16 8 22 27 7 4 22 42 27 26 44 28 22 30 37 33 15 26 37 41 47 24 38 15 4 7 33 15 8 18 57 2 3 6 20 27 1 3 70
"PD44582_6" 30 45 3 28 48 30 5 74 31 20 0 27 129 33 10 350 6 4 2 3 0 1 1 5 4 6 0 5 5 3 2 11 24 20 165 32 24 29 91 40 27 53 105 56 24 52 68 52 16 45 10 160 7 9 7 9 4 18 3 27 24 12 4 15 62 23 44 37 27 30 32 41 27 25 35 26 30 29 27 43 6 6 2 30 32 13 18 62 1 2 2 25 25 5 8 72
"PD44582_8" 0 4 0 6 6 5 1 16 0 1 0 2 18 0 1 37 0 0 0 0 0 0 0 0 0 0 0 0 0 0 0 1 4 0 7 2 0 1 4 2 4 2 3 3 1 3 4 0 2 3 0 10 0 0 1 0 0 1 0 1 3 0 0 1 3 3 4 5 3 5 3 4 3 0 3 3 3 4 1 3 1 0 0 1 2 0 2 3 0 0 0 0 2 1 1 0
"PD44582_9" 1 5 0 3 6 4 2 6 4 1 1 3 12 2 2 38 0 1 0 1 0 1 0 1 1 1 0 0 0 0 0 0 1 0 16 0 3 2 5 2 1 2 6 3 0 1 8 1 2 3 0 21 2 1 0 1 0 1 1 3 0 0 0 0 4 2 3 3 5 0 4 8 5 1 2 2 2 2 3 7 1 0 0 3 3 0 0 1 0 0 0 4 4 0 1 2
"PD44584_1" 12 26 2 33 55 28 10 129 28 24 4 44 161 29 2 494 2 2 0 4 3 0 1 1 0 2 0 0 0 2 0 2 18 23 59 15 12 13 34 28 10 27 51 34 14 19 36 34 13 18 5 145 5 7 2 7 6 12 4 37 17 5 4 14 32 19 34 24 27 20 26 42 27 12 23 14 41 40 37 50 11 2 2 22 25 3 14 56 1 0 3 15 24 2 3 63
"PD44584_10" 22 46 0 45 44 21 7 146 29 22 2 41 162 24 7 574 1 0 0 3 0 1 0 0 1 1 0 1 3 1 0 2 17 13 56 20 16 15 33 26 10 26 28 30 6 21 31 40 11 30 2 185 2 9 3 10 4 17 7 36 23 2 0 18 57 26 57 29 47 30 42 62 37 24 38 27 52 56 48 64 10 0 3 45 35 5 19 104 1 3 3 22 29 4 2 66
"PD44584_11" 9 25 2 39 53 17 7 138 21 20 4 38 144 21 6 425 1 2 0 0 1 1 0 1 1 0 0 1 1 2 0 1 14 10 44 21 10 15 31 15 10 24 33 20 3 22 18 25 7 38 3 164 4 5 3 4 3 18 5 31 20 8 2 9 51 23 55 35 36 33 48 57 28 21 28 40 40 40 39 51 6 2 4 35 21 5 22 82 2 0 2 22 17 2 4 76
"PD44584_12" 12 32 0 31 38 21 1 115 18 14 3 21 122 18 6 372 1 0 0 1 1 0 2 2 1 1 0 0 0 1 0 1 13 14 37 8 4 13 27 18 12 18 23 20 1 17 18 24 8 25 2 127 0 2 2 7 3 12 7 19 25 3 5 10 35 25 44 25 30 22 34 50 24 17 31 27 27 37 24 39 5 3 3 27 22 7 18 55 1 0 0 18 18 3 6 58
"PD44584_13" 18 48 1 28 30 25 3 75 22 24 3 29 130 33 9 312 5 7 0 3 2 1 1 2 2 0 0 3 4 3 0 8 25 18 113 24 24 43 72 38 15 35 68 41 18 36 62 48 23 39 6 163 2 5 3 11 8 23 3 17 27 11 4 34 110 35 47 138 32 22 40 34 34 15 35 28 41 33 30 104 12 6 5 31 26 7 22 56 0 2 1 20 35 6 3 100
"PD44584_14" 24 44 3 28 46 24 8 100 20 24 1 29 157 27 10 446 7 3 1 4 2 1 0 4 2 2 1 3 3 4 0 3 22 27 104 27 21 16 80 44 20 35 89 48 17 26 58 47 23 39 10 189 5 7 5 12 9 15 5 33 27 10 4 27 67 29 36 89 24 18 22 33 28 16 20 29 32 31 27 84 7 0 1 28 40 7 15 55 3 3 1 12 22 5 4 80
"PD44584_15" 28 63 1 44 34 41 2 67 12 69 1 25 681 42 24 948 0 0 0 0 0 1 0 0 1 2 0 1 0 0 0 1 7 12 7 6 6 8 5 7 6 13 5 6 6 14 15 24 8 15 3 90 5 3 4 10 4 11 4 27 28 2 8 27 14 17 30 21 18 16 11 23 11 8 20 9 35 21 23 30 18 3 2 16 28 4 9 29 2 1 1 4 42 3 11 36
"PD44584_16" 30 53 3 30 35 52 3 55 9 55 0 22 698 43 23 872 0 0 0 1 0 0 0 0 0 0 0 1 0 0 0 0 4 6 6 8 4 13 8 17 3 12 5 8 4 15 22 26 9 10 1 107 7 6 7 10 2 22 6 28 28 3 14 16 28 8 48 24 13 10 18 29 9 11 15 11 20 24 20 29 22 1 5 22 22 1 11 36 0 4 1 7 75 1 7 46
"PD44584_17" 29 55 3 47 34 42 5 76 11 77 0 30 730 36 24 885 1 1 0 0 1 0 0 1 0 1 0 3 2 1 0 0 7 5 13 9 4 6 5 13 3 17 5 8 2 12 12 21 8 12 4 105 2 2 3 4 9 9 2 21 35 6 12 19 23 16 27 20 10 10 13 24 14 6 10 8 20 27 17 30 21 1 3 18 12 2 9 30 2 10 0 4 57 2 9 55
"PD44584_19" 0 0 0 0 0 0 0 0 0 0 0 0 0 0 0 0 0 0 0 0 0 0 0 0 0 0 0 0 0 0 0 0 0 0 0 0 1 0 0 0 0 0 0 0 0 0 0 0 0 0 0 0 0 0 0 0 0 0 0 0 0 0 0 0 0 0 0 0 0 0 0 0 0 0 0 0 0 0 0 0 0 0 0 0 0 0 0 0 0 0 0 0 0 0 0 0
"PD44584_2" 18 31 0 34 46 33 6 104 33 16 2 27 169 25 4 459 1 1 0 2 1 0 2 0 2 0 0 0 1 2 0 5 10 9 64 12 11 16 34 15 13 25 38 19 13 24 44 38 12 35 5 165 1 11 4 7 4 17 1 17 24 6 1 18 46 24 43 27 23 16 30 40 29 11 31 30 40 41 29 48 7 1 5 27 16 8 10 53 2 3 3 12 18 3 4 66
"PD44584_20" 0 0 0 0 0 0 0 1 0 0 0 0 0 0 0 0 0 0 0 0 0 0 0 0 0 0 0 0 0 0 0 0 0 0 0 0 0 0 0 0 0 0 0 0 0 0 0 0 0 0 0 0 0 0 0 0 0 0 0 0 0 0 0 0 0 0 0 0 0 0 0 0 0 0 0 0 0 0 0 0 0 0 0 0 0 0 0 0 0 0 0 0 0 0 0 0
"PD44584_21" 0 1 0 3 4 4 0 7 2 0 0 1 14 4 1 21 0 0 0 0 0 0 1 0 0 0 0 0 0 0 0 0 0 0 2 3 0 0 3 2 0 1 0 1 0 1 0 0 0 0 0 4 0 0 0 0 0 1 0 0 1 0 0 1 2 1 3 1 4 0 3 1 2 1 2 1 1 1 3 4 0 0 0 0 0 0 0 2 0 0 0 1 0 0 0 4
"PD44584_22" 1 1 0 1 1 1 0 6 0 1 0 0 3 0 1 17 0 0 0 0 0 0 0 0 0 0 0 0 0 0 0 0 1 0 2 0 0 0 1 1 0 0 0 0 0 1 0 0 1 0 0 4 0 0 0 1 0 2 0 2 0 0 0 0 0 1 0 2 0 1 0 0 0 1 0 1 2 2 0 0 0 1 0 0 0 0 0 0 0 0 0 0 0 0 0 1
"PD44584_23" 19 51 2 32 64 18 4 98 33 24 3 26 149 23 13 444 5 5 2 4 0 1 0 1 2 3 1 0 1 2 0 6 22 17 115 21 22 30 71 43 13 32 83 33 23 36 38 57 22 44 8 170 4 5 8 10 4 14 8 35 49 9 3 30 56 39 45 61 19 20 37 41 30 16 16 32 45 35 42 60 9 4 2 23 21 9 10 70 3 4 0 17 28 4 4 83
"PD44584_24" 1 4 1 4 4 3 3 8 3 2 0 0 3 1 1 31 0 0 0 1 0 1 0 0 0 0 0 0 0 0 0 0 1 0 2 3 0 2 2 4 1 2 4 1 0 1 10 2 1 1 0 21 1 0 0 5 0 1 1 4 1 1 0 0 4 2 1 3 2 2 3 5 4 0 1 4 2 3 0 3 0 1 0 1 4 0 2 3 0 0 0 0 1 0 0 2
"PD44584_25" 35 43 0 24 35 14 4 83 22 19 4 24 115 23 7 373 6 2 0 4 2 1 0 6 1 0 1 1 3 1 0 2 21 25 99 28 16 23 61 28 18 47 69 37 19 35 44 45 19 39 9 173 6 11 8 15 6 19 5 40 31 7 6 33 96 49 36 133 27 22 39 40 31 18 24 49 49 38 32 102 8 2 6 38 19 2 21 67 4 1 6 18 25 12 6 83
"PD44584_26" 0 0 0 0 3 1 0 4 0 3 0 0 3 1 0 9 1 0 0 1 0 0 0 0 0 0 0 0 0 1 0 0 1 0 4 1 0 0 2 0 1 1 0 0 0 0 1 0 1 1 0 2 0 0 0 0 0 1 1 1 0 0 0 0 0 1 0 1 1 1 1 1 0 1 1 3 2 2 1 2 0 1 0 1 0 0 0 0 0 0 0 0 0 0 1 1
"PD44584_27" 0 1 0 2 1 0 1 3 0 1 0 1 4 0 1 11 0 0 0 0 0 0 0 0 0 0 0 0 1 0 0 0 0 2 3 1 1 1 0 1 0 1 5 1 0 0 0 0 0 1 0 4 0 0 1 1 0 0 0 0 0 0 0 1 0 0 1 0 1 1 3 2 0 0 1 0 0 0 4 1 0 0 0 0 0 0 0 0 0 0 0 0 1 1 0 0
"PD44584_28" 1 5 0 6 4 1 0 6 2 0 0 2 10 1 1 30 0 0 0 0 0 0 0 0 0 0 0 1 0 0 0 1 1 0 6 3 1 1 6 1 1 0 5 3 0 0 5 0 1 0 0 12 1 1 0 1 0 1 0 6 0 0 1 0 2 2 2 4 1 3 3 3 5 1 1 2 4 1 4 8 0 1 1 0 1 0 0 2 0 0 0 1 0 0 0 3
"PD44584_29" 20 46 1 33 42 27 5 113 22 17 2 33 151 25 3 459 4 1 0 5 0 6 1 2 0 4 1 1 0 1 0 6 26 19 116 33 20 30 60 40 23 24 84 34 14 29 51 33 19 27 6 201 2 10 4 18 3 12 4 32 28 10 3 16 59 26 37 59 27 23 35 44 33 17 35 32 42 51 41 66 5 4 3 34 31 8 15 71 3 2 4 15 23 4 3 86
"PD44584_3" 16 39 3 29 32 18 3 74 23 12 7 32 142 30 8 371 3 1 0 2 2 2 1 1 0 6 1 2 1 3 0 7 19 19 147 24 17 23 61 34 25 41 101 47 16 34 62 49 16 48 7 145 5 10 6 16 8 21 3 33 28 8 2 38 97 53 32 107 26 19 26 40 35 16 32 28 39 38 31 126 9 4 4 18 21 10 12 51 4 7 1 22 18 12 3 75
"PD44584_30" 13 35 5 42 46 23 7 127 24 22 1 37 159 19 7 516 2 3 0 2 0 1 0 1 1 1 0 2 2 4 0 2 20 20 49 24 13 12 29 23 9 20 38 19 10 27 36 29 9 31 3 154 1 12 1 13 8 11 11 33 24 5 1 14 61 21 51 42 43 31 44 59 33 20 39 28 64 34 52 61 6 4 3 50 28 6 22 76 0 2 3 23 20 5 4 80
"PD44584_31" 0 9 0 5 6 0 1 21 2 2 1 3 15 1 2 59 1 0 1 0 0 0 1 0 0 1 0 0 0 0 0 0 0 1 4 1 0 3 6 2 2 2 1 0 0 2 1 3 1 0 0 12 0 2 0 0 1 0 0 0 4 1 0 3 1 1 5 3 2 2 1 0 0 0 3 2 2 8 4 4 0 0 0 2 1 0 1 6 0 0 0 3 3 0 0 1
"PD44584_32" 21 66 3 26 25 44 7 58 10 91 0 34 748 46 19 807 1 3 0 1 0 0 0 2 0 0 0 0 0 0 0 1 3 8 13 12 4 13 9 12 8 23 6 15 4 13 21 25 5 18 1 84 1 1 2 8 7 7 0 19 31 4 9 17 24 10 25 25 13 12 15 19 14 6 15 12 18 25 18 29 20 2 4 20 31 3 21 34 2 6 2 10 66 3 11 69
"PD44584_33" 40 50 1 48 40 40 1 59 12 65 1 28 729 38 15 904 0 1 0 0 0 1 0 1 0 2 0 0 0 0 0 1 9 6 5 12 4 8 5 10 3 13 10 6 7 9 19 24 7 26 3 100 3 3 0 5 3 15 0 33 22 1 7 21 33 14 28 24 13 7 27 22 11 11 15 9 22 24 25 33 19 2 1 15 22 2 11 26 0 1 0 7 50 2 7 41
"PD44584_4" 12 17 4 17 14 11 1 43 14 15 2 8 50 14 4 179 0 2 0 2 2 0 0 2 0 2 0 1 3 3 0 1 10 8 65 12 7 19 38 20 11 22 35 18 8 15 25 26 5 14 6 90 2 2 2 6 6 9 0 14 16 6 0 16 32 17 22 36 18 9 14 31 13 9 12 18 29 24 17 35 3 3 2 6 7 2 8 33 2 2 0 10 12 4 6 42
"PD44584_5" 8 15 0 9 15 10 3 27 8 8 2 8 52 6 1 123 3 3 0 3 1 1 0 1 0 0 0 1 0 0 0 3 14 16 44 20 12 11 23 13 12 9 24 18 9 3 16 25 10 21 4 63 2 3 3 1 1 6 2 14 10 4 1 7 42 19 14 36 12 8 11 16 10 6 12 16 22 13 13 30 2 3 0 11 9 3 3 26 2 1 3 6 11 2 3 24
"PD44584_6" 11 32 3 25 40 26 5 67 29 25 1 23 110 28 11 323 7 6 1 8 1 4 2 4 3 4 2 1 1 2 1 7 32 22 124 30 14 35 55 27 20 38 84 30 21 39 66 49 22 38 10 164 6 6 9 11 6 18 6 21 30 6 2 52 116 56 32 144 21 27 26 44 25 21 27 45 35 35 22 115 4 2 7 32 19 8 18 47 4 4 1 17 26 7 6 101
"PD44584_7" 21 32 4 20 39 24 7 67 16 19 1 21 105 22 10 349 7 4 1 4 3 5 2 8 4 6 1 2 1 5 0 7 21 19 112 26 22 37 61 51 22 35 85 32 18 47 65 62 23 51 8 132 5 6 11 15 5 13 2 28 26 12 3 29 102 46 36 142 29 29 24 34 29 12 33 43 46 37 23 119 12 9 8 23 23 8 16 65 2 7 0 15 28 12 4 83
"PD44584_8" 24 43 1 26 39 20 3 83 18 17 3 21 126 21 11 358 8 4 0 5 3 3 2 4 3 4 0 1 5 1 1 9 22 20 127 30 20 35 62 46 29 36 104 41 14 42 49 47 20 42 7 166 4 7 6 9 5 13 4 22 38 13 1 27 93 37 44 129 26 24 28 35 32 15 26 28 55 39 26 88 7 4 5 31 21 6 17 51 2 2 5 14 29 14 4 88
"PD44584_9" 20 38 4 27 42 33 3 83 20 17 1 25 125 21 12 395 6 2 1 3 5 1 0 6 1 2 0 3 2 1 0 10 25 20 132 20 9 26 61 48 14 26 86 32 14 29 49 48 29 33 7 191 0 5 3 12 5 22 4 38 23 17 1 21 84 41 45 112 26 31 34 51 36 10 32 43 43 45 27 84 10 3 8 42 20 2 12 58 1 3 4 26 18 2 6 82
"PD44585_1" 26 41 4 33 42 25 10 88 26 26 3 26 141 30 11 365 4 7 0 7 1 1 1 7 1 4 0 4 0 6 0 4 30 23 151 35 28 46 76 39 24 41 97 38 18 46 68 32 20 41 7 173 2 12 4 10 3 19 3 28 25 9 1 29 47 29 59 47 21 31 45 44 34 15 31 44 37 42 37 44 7 2 4 35 27 6 17 70 5 4 2 23 15 4 5 45
"PD44585_10" 7 12 2 11 11 7 1 22 5 4 0 10 25 9 1 87 1 0 0 1 0 1 0 1 0 1 0 1 1 0 0 2 10 9 32 6 4 2 19 10 7 7 33 14 3 9 16 13 5 10 0 42 3 2 0 2 3 2 0 6 5 4 0 8 14 6 7 10 9 3 7 13 12 4 5 8 8 9 13 10 2 0 0 12 5 1 2 11 0 1 0 7 8 0 1 9
"PD44585_11" 0 0 0 1 0 1 1 5 0 0 1 0 5 1 0 7 0 0 0 0 0 0 0 0 0 0 0 0 0 0 0 0 2 0 1 1 0 0 4 1 1 1 0 0 0 0 0 1 0 0 0 3 0 1 0 0 0 0 0 0 1 1 0 1 1 0 2 0 1 0 1 0 0 0 0 0 1 0 0 1 0 0 0 0 0 0 0 0 0 0 0 0 0 0 0 1
"PD44585_2" 39 28 6 30 40 19 9 96 37 24 5 28 123 29 8 321 12 4 1 2 3 1 2 8 4 6 0 5 4 7 1 8 27 38 145 39 30 53 65 48 38 58 100 57 26 37 58 41 15 30 4 152 8 5 8 8 4 12 5 24 28 6 6 12 59 34 50 57 33 23 39 43 35 31 23 26 44 46 33 61 7 1 5 28 23 6 16 68 1 3 2 17 20 2 6 61
"PD44585_3" 30 39 2 40 41 19 2 74 31 29 5 35 144 31 15 386 8 2 1 8 2 4 1 7 4 2 0 0 6 4 0 12 24 31 146 47 29 34 67 39 24 47 86 51 26 39 44 59 15 30 9 173 7 8 9 10 7 16 10 19 33 8 5 15 48 23 51 40 41 24 32 31 47 22 34 29 46 43 34 55 4 7 5 30 23 9 14 52 4 1 2 15 23 3 1 56
"PD44585_4" 28 45 2 32 43 28 5 67 26 24 9 32 113 50 9 315 8 3 2 7 0 1 0 4 2 7 1 2 3 1 1 8 36 34 150 43 36 39 84 58 22 56 88 52 19 37 69 37 19 32 10 175 3 4 6 8 5 15 7 31 28 6 3 17 57 23 40 41 36 22 33 41 32 27 35 31 47 57 39 55 9 7 5 22 24 10 8 64 0 7 2 19 30 3 9 58
"PD44585_5" 23 45 9 38 36 23 4 69 21 26 8 37 139 30 13 379 8 3 1 3 4 4 2 5 5 6 1 5 6 4 1 5 27 26 135 36 16 40 72 46 24 40 95 43 24 47 65 49 10 30 13 191 4 4 6 6 4 13 5 33 32 5 4 22 46 15 61 42 26 27 38 60 32 19 43 19 35 41 44 49 7 3 5 28 24 5 21 63 2 5 1 15 26 3 5 60
"PD44585_6" 24 31 4 37 44 24 8 74 35 26 5 29 140 41 10 361 6 4 0 8 3 6 1 6 3 2 2 1 5 4 0 4 44 35 139 39 34 37 72 52 19 35 91 42 24 37 62 44 13 34 6 148 2 10 4 10 4 14 5 28 28 11 5 17 58 22 31 58 34 24 40 35 35 24 37 35 39 38 35 53 11 2 3 28 23 15 23 75 3 3 2 26 24 5 9 57
"PD44585_8" 1 2 0 1 1 1 0 3 0 0 0 1 1 0 0 8 0 0 0 0 0 0 1 0 0 0 0 0 0 0 0 0 0 0 2 0 0 0 0 0 0 1 0 0 0 0 0 0 0 0 0 4 0 0 0 0 0 0 1 1 3 0 0 0 2 0 0 1 2 1 0 1 2 0 0 1 0 5 1 1 0 0 0 2 0 0 1 3 0 0 0 0 1 0 0 3
"PD44585_9" 3 2 0 1 1 5 0 12 0 3 0 1 6 0 0 26 0 0 0 0 0 0 0 0 0 0 0 0 0 0 0 0 5 1 5 2 0 1 5 3 0 2 10 2 0 2 4 3 0 1 0 13 1 0 0 1 0 1 0 2 1 1 0 1 3 2 2 2 2 5 3 3 1 1 0 1 3 5 2 5 0 0 1 1 1 1 0 3 0 0 0 1 1 0 0 4
"PD44586_1" 10 13 4 40 8 6 0 45 6 7 1 19 69 24 1 812 2 2 0 0 1 2 0 2 3 1 0 2 2 1 1 5 17 15 126 31 5 8 36 11 18 96 181 88 15 75 321 142 1 5 3 28 0 1 4 6 0 2 2 3 10 2 0 14 19 13 7 9 3 2 6 6 50 35 11 62 24 24 11 24 3 9 1 51 7 3 3 37 5 4 0 6 18 9 5 178
"PD44586_2" 7 21 3 29 12 6 1 25 7 7 1 15 97 21 5 804 4 3 0 4 3 1 0 3 2 3 1 1 3 2 0 1 10 25 127 29 13 14 42 17 27 108 153 86 22 82 302 121 3 6 3 35 1 3 3 4 1 1 1 3 8 4 1 11 32 17 7 23 3 7 1 4 45 28 16 62 27 25 8 27 2 5 2 36 4 4 6 26 3 3 1 6 15 12 3 182
"PD44586_3" 9 20 1 36 16 5 1 22 3 5 2 16 112 21 3 837 2 0 1 0 0 0 2 1 2 3 0 2 0 0 1 3 16 29 106 24 9 13 26 11 22 82 181 65 25 71 307 135 4 0 1 40 2 6 2 5 1 1 2 4 9 5 6 23 21 16 14 17 4 3 6 2 46 36 14 60 23 26 9 24 6 10 5 40 6 5 5 35 1 6 1 8 23 12 4 153
"PD44586_4" 5 15 2 32 7 4 2 45 10 6 2 21 122 17 3 821 4 0 0 3 1 0 2 4 1 4 0 3 0 1 2 3 14 22 108 39 10 13 36 20 17 93 174 69 32 70 317 130 4 5 1 32 2 2 0 0 0 2 0 4 8 2 0 14 25 14 10 17 6 6 5 3 49 33 18 51 20 22 7 13 4 3 3 45 8 1 1 21 0 3 2 4 20 14 2 188
"PD44586_5" 5 13 3 32 11 3 4 31 9 11 1 23 97 16 3 826 4 1 0 2 0 0 1 1 2 1 0 2 2 1 0 1 17 28 122 29 6 15 41 26 18 108 147 64 17 73 287 122 2 3 3 25 1 0 4 3 1 4 3 4 7 3 2 14 31 15 11 17 1 7 4 4 46 43 23 46 14 29 11 23 6 12 3 46 5 5 5 29 1 7 3 8 22 18 5 195
"PD44586_7" 1 1 1 9 2 2 0 4 0 1 0 8 20 1 1 121 0 0 0 0 0 0 0 0 0 0 1 0 1 0 0 1 2 0 9 4 1 3 5 3 2 10 20 14 1 6 31 18 0 1 0 7 0 1 1 1 0 0 0 1 3 1 0 2 2 1 0 0 1 0 0 2 4 6 3 6 3 5 2 5 0 0 0 9 1 0 0 3 0 0 0 2 3 2 1 27
"PD44586_8" 1 4 1 13 5 1 0 10 2 1 0 9 40 3 2 297 1 0 0 0 0 0 1 0 1 0 0 0 0 0 0 1 5 7 45 2 0 1 21 6 5 20 43 12 8 22 99 40 1 0 0 8 0 0 0 0 0 0 0 2 2 1 0 2 7 2 3 6 1 1 2 0 11 8 5 15 10 11 4 5 0 5 2 17 0 0 1 5 0 0 0 6 6 0 2 38
"PD44586_9" 9 14 0 32 9 4 0 26 11 13 0 22 95 20 3 809 1 3 0 4 0 3 1 2 0 4 0 3 1 1 1 6 11 19 117 37 5 18 35 21 25 95 174 71 16 75 339 129 8 6 1 25 2 1 1 3 1 2 3 3 10 3 3 17 25 9 11 14 3 5 4 7 55 33 14 51 23 24 12 27 3 14 6 40 6 7 2 34 3 5 0 7 15 7 0 161
"PD44587_1" 12 19 0 30 9 6 0 49 9 3 2 18 89 17 3 846 3 1 0 7 0 2 1 2 4 0 1 1 2 0 0 3 13 21 129 28 10 27 56 18 22 71 179 76 22 78 291 128 11 2 1 25 1 3 0 1 2 0 2 6 8 3 2 13 23 17 10 28 4 6 2 1 53 25 18 56 19 23 12 24 6 8 2 41 6 4 2 27 1 4 1 8 13 12 0 156
"PD44587_10" 1 3 0 7 3 2 1 4 0 0 0 1 14 0 0 121 0 0 0 0 0 0 0 0 0 0 0 0 0 0 0 0 4 4 12 2 2 1 5 1 2 3 12 4 2 4 23 9 1 0 0 11 0 0 0 0 0 0 1 0 2 0 1 1 3 0 1 1 1 0 1 2 2 4 2 6 3 3 1 5 0 0 0 3 1 1 0 1 0 0 0 0 0 0 2 14
"PD44587_11" 0 2 0 0 0 0 0 0 0 0 0 0 2 0 0 10 0 0 0 0 0 0 0 0 0 0 0 0 0 0 0 0 1 0 3 1 0 0 1 0 0 0 2 0 0 1 2 0 0 0 0 0 0 0 0 0 0 0 0 0 0 0 0 1 0 0 0 0 0 0 0 0 0 0 0 0 0 1 0 0 0 0 0 0 0 0 0 0 0 0 0 0 1 0 0 0
"PD44587_12" 0 0 0 0 0 0 0 0 0 0 0 0 0 0 0 5 0 0 0 0 0 0 0 0 0 0 0 0 0 0 0 0 0 0 0 0 0 0 0 0 0 0 0 0 0 2 4 1 0 0 0 1 0 0 0 0 0 0 0 0 0 0 0 0 0 0 0 0 0 0 0 0 0 0 0 0 0 0 0 0 0 0 0 0 0 0 0 0 0 0 0 0 0 0 0 2
"PD44587_13" 2 1 0 5 4 0 1 9 0 1 0 2 13 5 0 151 0 1 1 2 0 0 0 1 0 0 0 0 0 0 0 0 4 4 25 4 0 3 10 3 4 8 20 10 3 6 36 27 14 5 1 22 1 1 0 0 0 2 0 4 5 3 0 13 30 16 2 54 0 1 1 0 7 5 5 5 6 6 2 33 3 0 0 5 1 2 0 3 0 2 1 3 10 3 0 60
"PD44587_14" 11 10 2 31 15 8 1 36 10 10 5 20 101 20 3 796 0 1 1 4 1 2 1 2 1 1 0 2 5 3 0 4 14 17 138 26 10 15 47 10 28 99 170 74 19 60 313 119 7 6 3 28 2 1 2 4 3 2 1 4 9 2 3 26 23 15 12 21 7 3 4 8 47 26 19 62 24 22 10 33 8 10 5 33 4 3 0 31 3 2 1 8 14 15 3 155
"PD44587_15" 9 18 1 27 9 4 5 37 14 7 3 21 88 26 4 776 4 3 0 4 2 1 0 0 2 1 0 2 2 3 0 4 12 21 138 26 14 10 48 12 28 97 176 73 20 72 290 132 9 6 3 33 0 1 2 7 2 1 1 5 9 1 1 21 38 19 16 42 3 8 9 2 42 27 15 57 27 29 4 40 3 8 2 33 3 4 1 28 0 2 0 6 15 11 3 155
"PD44587_2" 4 4 0 21 6 3 2 17 2 6 0 8 54 9 5 377 0 0 1 1 1 0 0 0 2 1 0 0 2 1 0 1 8 7 52 7 8 4 19 5 8 44 82 39 11 35 128 47 2 2 1 18 1 0 1 1 0 0 0 3 2 4 0 4 14 6 8 21 1 2 1 3 22 23 4 27 12 14 1 13 0 6 2 21 3 0 0 13 1 0 0 2 10 7 2 78
"PD44587_3" 4 10 0 10 1 1 0 13 2 1 1 2 47 9 1 356 4 1 0 1 0 0 0 2 0 0 0 3 0 0 0 2 4 12 65 10 6 4 23 5 4 30 78 21 13 24 119 47 3 1 2 15 0 0 1 1 1 0 0 3 4 4 0 8 4 1 3 6 0 4 1 2 13 10 7 24 14 5 3 9 2 6 0 14 3 3 0 7 1 2 0 3 10 6 1 66
"PD44587_4" 7 13 4 30 14 4 1 31 12 6 2 19 85 28 4 793 2 3 0 1 1 3 0 2 5 0 0 1 4 1 1 5 9 19 114 16 14 12 64 13 15 107 192 102 22 65 306 142 9 7 2 32 1 1 1 2 3 1 1 11 10 5 1 16 31 12 10 28 1 5 4 4 50 30 23 53 31 20 11 27 1 8 0 44 6 2 0 29 0 7 0 10 14 9 2 131
"PD44587_5" 9 16 0 34 16 13 1 29 6 4 0 15 93 18 4 908 1 2 0 2 1 1 0 2 2 1 1 0 4 1 0 3 11 20 116 21 6 14 49 8 24 85 198 92 21 70 269 122 8 4 1 29 1 2 1 3 0 2 1 3 8 0 1 16 25 17 8 20 6 3 3 6 64 36 17 52 26 22 8 16 4 8 2 45 2 2 7 23 0 6 0 4 21 14 2 138
"PD44587_6" 5 22 2 38 12 8 2 36 10 4 0 13 103 10 2 852 4 1 2 4 3 0 1 4 3 2 0 2 6 1 0 3 15 20 122 37 10 15 50 21 23 87 168 86 16 74 270 137 5 0 2 31 1 4 5 2 0 2 1 4 10 4 2 14 39 8 13 15 7 8 1 3 42 29 15 61 15 29 11 20 1 6 4 35 8 3 7 28 1 4 2 6 17 13 3 153
"PD44587_7" 10 27 1 39 11 7 1 32 7 7 0 17 94 25 3 839 2 3 2 2 0 1 0 1 1 1 0 1 0 2 1 1 22 17 118 18 2 10 56 11 14 96 182 85 16 68 295 128 5 1 2 41 2 1 0 2 1 2 1 6 12 3 1 13 28 16 7 27 6 8 4 9 56 29 11 58 27 20 9 19 3 13 2 22 6 4 2 22 3 3 2 8 13 9 1 184
"PD44587_8" 14 12 2 35 11 11 0 26 9 12 2 24 116 26 1 759 5 4 0 1 0 1 0 1 5 1 0 2 2 3 1 6 21 27 135 31 12 13 51 16 20 92 157 76 23 80 300 134 8 6 3 38 2 1 5 6 3 3 3 1 16 4 2 23 34 10 10 30 7 5 7 7 52 24 18 46 25 28 8 37 3 4 1 24 2 5 1 24 1 3 2 8 17 14 2 137
"PD44588_1" 25 27 1 9 15 9 4 23 17 8 2 10 35 14 6 66 11 5 1 5 7 4 3 10 2 3 0 3 3 4 0 13 17 20 133 17 28 20 84 18 15 25 87 14 19 14 60 25 10 11 7 59 4 4 2 7 4 4 1 5 20 5 1 11 24 9 17 32 8 7 10 7 10 7 7 6 17 14 8 25 5 0 2 7 4 5 9 20 0 2 0 6 5 4 4 19
"PD44588_10" 0 1 0 0 1 0 0 1 0 0 0 0 1 0 0 5 1 0 0 0 0 0 0 0 0 0 0 0 0 0 0 0 1 0 4 0 1 0 0 1 0 0 0 0 0 0 2 1 0 0 0 4 0 0 0 0 0 0 0 0 1 0 0 0 1 0 0 0 0 0 0 0 0 0 1 0 0 0 0 0 0 0 0 1 0 0 0 0 0 0 0 0 1 0 0 0
"PD44588_11" 0 0 0 0 0 0 0 2 0 0 0 0 1 0 0 0 0 0 0 0 0 0 0 0 0 0 0 0 0 0 0 0 0 0 1 0 0 0 0 1 0 0 1 0 0 0 1 0 0 0 0 0 0 0 0 0 0 0 0 0 0 0 0 0 0 0 0 0 0 0 0 0 0 0 0 0 0 0 0 0 0 0 0 0 0 0 0 1 0 0 0 0 0 0 0 0
"PD44588_12" 0 0 0 0 0 0 0 1 0 0 0 1 2 0 0 1 0 0 0 0 0 0 0 0 0 0 0 0 0 0 0 0 1 1 1 0 0 0 1 2 0 0 3 0 1 1 0 0 1 0 0 5 0 0 0 0 0 0 0 0 0 0 0 0 0 0 1 0 1 0 1 0 0 0 0 1 0 0 0 0 0 0 0 0 0 0 0 1 0 0 0 0 0 0 0 0
"PD44588_13" 20 12 10 13 12 11 3 14 13 10 3 11 22 18 3 59 17 2 3 6 4 8 1 6 1 3 0 1 13 6 1 18 37 18 84 13 12 10 34 19 10 7 64 8 12 11 40 7 8 9 2 41 13 11 16 12 2 4 6 6 13 6 6 2 7 3 11 13 2 4 9 11 7 3 5 13 10 7 9 10 5 1 2 3 7 2 5 16 3 1 19 2 6 3 2 7
"PD44588_14" 0 3 0 0 0 0 0 1 2 0 0 0 2 0 0 5 0 0 0 0 0 0 0 0 0 0 0 0 0 0 0 0 1 1 10 0 2 1 1 0 1 0 9 0 0 0 2 1 0 0 0 5 0 0 0 0 0 0 0 0 0 0 0 0 2 0 0 0 0 0 0 0 0 1 1 1 2 1 0 1 0 0 0 0 1 0 0 4 0 0 0 0 1 0 0 0
"PD44588_15" 14 15 5 11 11 5 0 17 3 2 0 8 25 14 4 30 11 3 2 7 9 10 6 6 1 3 1 1 14 10 3 11 32 13 57 15 12 5 39 11 7 11 46 5 16 8 23 21 4 5 4 22 10 9 14 13 4 4 5 2 5 5 1 1 16 8 7 8 7 7 11 6 2 1 7 9 5 5 8 10 2 0 1 3 5 3 3 13 1 1 16 6 7 0 3 17
"PD44588_2" 13 8 5 9 10 11 2 12 10 9 5 10 15 14 2 33 9 5 0 2 2 2 0 6 2 3 2 1 7 5 0 6 33 23 107 22 10 13 66 19 29 26 66 24 18 27 48 22 7 12 6 44 4 6 8 5 1 2 0 2 13 6 1 5 20 7 11 33 15 7 16 6 7 5 9 16 10 12 3 20 4 1 5 5 3 2 8 14 2 0 2 2 6 2 5 21
"PD44588_3" 43 36 7 25 38 14 3 40 31 24 8 21 70 33 7 140 14 9 2 16 11 5 4 19 9 6 3 8 14 9 3 19 64 34 267 51 33 34 141 41 31 41 186 35 38 45 115 39 25 23 11 136 15 18 33 15 8 14 7 16 38 10 9 25 69 16 28 54 15 17 25 25 32 13 17 27 31 19 18 48 5 1 11 12 12 8 18 48 2 5 25 14 25 7 7 57
"PD44588_4" 39 33 11 21 33 18 7 31 14 20 5 15 59 31 11 93 11 10 5 8 11 9 3 15 6 2 1 10 13 7 4 29 59 25 233 35 29 24 105 45 33 32 167 33 24 38 83 37 23 13 10 93 12 16 17 13 8 4 4 2 21 8 9 28 45 14 25 41 19 15 18 11 14 9 25 15 23 12 13 30 6 2 7 19 18 8 11 29 8 4 17 8 14 5 8 40
"PD44588_5" 17 35 9 19 18 21 3 36 22 9 7 12 44 23 5 81 16 11 4 7 9 11 1 16 5 3 3 7 13 7 2 24 46 24 197 59 39 27 98 40 25 41 146 30 21 24 60 34 15 17 9 92 10 19 22 19 2 5 6 6 27 8 12 12 42 21 26 37 13 12 20 16 13 13 12 19 21 17 8 21 9 4 9 13 7 7 3 33 6 2 19 15 9 6 10 44
"PD44588_6" 57 41 5 23 34 29 1 43 30 22 4 19 70 36 3 133 12 16 2 14 17 4 5 18 4 6 0 3 17 14 4 30 63 36 266 35 34 32 128 42 37 38 176 27 38 40 107 32 19 30 11 125 17 8 31 26 10 10 10 10 40 3 6 22 56 18 36 44 17 18 22 16 26 13 13 40 28 12 22 33 9 3 7 14 16 11 16 36 4 0 19 12 15 7 10 54
"PD44588_7" 21 22 5 17 18 10 2 13 17 16 3 6 31 22 9 62 8 5 3 6 6 1 2 9 2 7 0 3 6 9 3 14 32 23 135 18 24 25 81 29 25 22 104 25 22 23 57 16 14 15 4 56 4 4 9 7 3 2 5 8 14 4 3 16 45 16 18 46 16 9 15 14 10 11 13 17 11 19 7 28 4 6 3 14 5 5 7 19 3 1 4 8 10 3 3 27
"PD44588_8" 12 16 4 5 8 4 3 7 11 7 2 9 20 11 3 34 5 8 0 11 4 3 0 4 3 4 3 2 4 5 2 9 27 16 82 20 15 17 40 33 19 21 56 25 8 19 33 20 6 5 7 37 5 2 7 7 2 3 2 6 11 6 4 13 28 9 24 27 5 9 3 8 8 4 3 13 11 7 11 18 8 1 4 4 2 3 2 15 3 1 3 5 8 7 7 25
"PD44589_1" 15 21 1 35 15 4 1 39 16 7 0 28 104 21 5 873 1 1 0 5 1 4 0 2 2 2 0 0 4 0 0 3 11 29 107 29 12 9 39 12 15 90 185 89 19 62 236 115 6 2 2 39 4 2 2 4 2 1 0 12 10 3 1 10 19 17 12 13 3 5 3 7 49 39 21 62 22 30 12 26 1 7 4 59 2 5 4 34 2 2 2 10 14 15 3 127
"PD44589_10" 7 9 0 47 30 5 2 99 5 11 1 54 96 20 1 1140 1 1 0 2 1 0 0 0 5 0 0 3 0 0 0 1 7 23 43 23 9 10 20 16 15 73 124 54 11 56 136 85 2 0 0 32 0 1 1 4 0 0 3 0 7 4 3 24 30 20 16 13 6 8 13 7 43 41 21 46 28 32 26 35 4 7 1 42 5 4 5 35 0 5 1 4 12 11 1 151
"PD44589_11" 7 14 0 68 29 4 1 118 10 7 0 54 81 39 2 1118 2 1 1 0 1 1 0 1 0 0 0 0 1 0 0 0 9 26 47 32 8 14 20 13 20 72 101 66 16 59 109 89 6 1 1 31 1 1 1 7 1 2 0 2 9 2 2 16 19 19 9 12 6 4 6 8 44 39 31 66 28 34 14 32 3 10 1 54 2 3 3 39 3 2 1 11 8 12 2 131
"PD44589_12" 9 8 1 61 20 9 3 129 7 14 0 48 92 26 3 1084 3 0 0 2 0 0 0 0 2 1 0 2 1 1 0 0 12 22 50 26 5 8 14 9 20 80 97 72 14 49 123 90 2 2 1 39 0 4 0 5 1 4 2 0 8 2 1 18 23 11 16 20 8 11 6 4 51 37 33 55 29 34 27 43 5 4 6 58 6 1 2 31 2 4 0 8 10 16 3 130
"PD44589_13" 15 24 2 39 14 10 1 44 9 17 1 25 73 24 3 716 6 2 0 3 3 6 1 4 4 3 0 3 14 5 3 27 22 22 143 37 11 19 40 23 24 93 150 84 41 73 270 122 12 4 4 39 2 3 2 7 3 3 0 5 16 3 2 16 32 10 9 21 5 9 5 7 37 23 14 52 25 36 8 28 4 9 7 56 4 4 4 37 2 3 0 1 11 11 5 125
"PD44589_14" 16 10 0 34 15 7 2 39 6 8 3 29 98 23 2 747 1 3 1 4 0 0 0 0 4 1 0 3 2 0 0 3 25 27 126 26 8 16 48 18 20 97 219 95 21 74 299 136 5 1 2 44 1 6 2 4 3 1 0 1 10 3 0 12 28 7 10 12 3 10 4 4 59 28 8 67 18 32 11 26 5 8 3 28 4 2 2 36 2 4 2 13 12 13 3 125
"PD44589_15" 11 12 0 35 10 7 1 35 11 6 1 38 85 21 4 788 0 2 1 1 2 1 1 2 7 0 1 1 0 0 0 2 15 24 123 43 9 21 53 15 16 103 208 73 23 66 287 126 8 4 2 40 1 2 3 6 1 3 3 2 5 0 1 20 25 10 10 19 6 7 8 4 60 34 13 51 13 35 14 22 4 7 4 38 3 3 1 23 0 2 2 7 6 13 3 161
"PD44589_16" 16 13 1 30 10 9 0 40 10 12 2 25 90 23 5 821 0 1 0 2 0 0 1 2 1 2 0 3 3 2 0 2 12 26 116 20 6 24 54 19 17 88 180 93 14 73 310 94 5 5 0 46 1 2 1 3 2 0 2 3 8 2 1 14 30 14 6 14 6 6 3 6 50 37 16 37 23 50 13 18 4 8 1 37 4 1 1 38 0 0 1 5 13 17 1 173
"PD44589_17" 17 35 5 35 18 6 3 28 17 8 5 19 67 26 4 566 7 4 2 6 3 2 1 4 2 2 1 3 4 5 0 9 25 35 127 30 14 23 48 20 38 120 182 87 19 86 322 94 12 6 4 47 5 7 3 5 4 1 3 3 9 4 1 20 34 15 19 18 7 13 7 8 55 35 19 54 29 38 16 43 5 4 7 50 3 1 1 24 0 6 2 6 14 14 3 132
"PD44589_18" 14 18 0 31 17 3 0 33 8 11 1 18 110 11 0 698 1 4 1 1 2 1 0 3 0 1 0 2 3 1 0 6 21 30 136 39 11 16 43 16 15 109 197 89 18 71 363 122 3 4 2 32 1 1 1 7 2 2 0 2 11 1 2 24 24 10 14 23 6 7 5 1 46 25 14 54 21 38 10 27 7 8 5 45 1 2 6 32 2 1 1 6 11 11 1 146
"PD44589_19" 15 16 1 19 11 7 0 23 9 7 0 19 77 18 5 726 3 3 1 2 0 0 0 5 2 0 1 2 3 2 0 3 13 23 120 42 10 15 44 18 22 95 239 123 21 83 343 115 9 2 2 36 2 1 3 4 1 3 1 2 8 1 2 18 27 15 12 24 5 9 1 5 50 24 11 54 25 39 6 23 6 7 5 37 6 10 5 30 0 3 1 9 5 9 4 132
"PD44589_2" 11 26 1 30 8 4 1 43 14 7 0 17 91 13 4 716 3 2 1 3 1 0 0 1 1 0 0 2 1 3 0 6 11 18 132 27 9 20 44 17 25 104 205 84 18 75 311 126 8 4 0 48 1 4 1 4 2 0 1 3 10 4 4 10 21 16 10 21 5 6 6 4 55 32 14 67 27 36 12 24 6 8 7 51 3 4 4 27 1 1 1 6 14 20 4 147
"PD44589_20" 15 17 0 33 15 5 2 26 8 6 1 22 76 11 3 741 4 1 0 2 0 0 1 4 5 2 0 2 6 1 0 3 21 24 129 45 3 17 45 18 18 115 196 90 21 66 318 115 6 6 4 43 1 2 1 6 3 1 1 3 20 2 0 12 20 11 22 20 6 8 4 6 51 38 20 58 19 36 7 27 6 5 4 47 3 2 5 31 3 3 1 7 17 13 1 135
"PD44589_21" 11 22 0 37 12 8 0 40 7 9 4 19 78 19 2 732 5 0 0 3 1 1 0 3 1 5 1 1 0 2 2 2 15 28 115 31 4 15 40 17 32 93 225 85 15 91 344 128 8 1 2 48 0 2 0 0 1 4 2 3 12 0 0 8 32 12 15 11 3 8 4 8 55 32 18 75 30 28 13 29 4 7 2 36 1 2 8 26 1 1 0 6 10 12 2 113
"PD44589_22" 9 26 1 27 11 4 2 44 16 6 2 24 104 16 8 796 3 1 0 4 1 1 0 1 4 0 2 4 2 2 0 5 18 16 130 35 11 18 50 10 20 105 210 74 17 64 263 132 7 0 2 45 0 2 0 1 2 1 0 2 9 2 1 16 15 15 16 19 6 12 7 5 50 33 11 57 31 35 10 24 8 9 0 44 3 3 4 23 0 2 1 4 13 12 5 134
"PD44589_23" 4 19 0 32 9 4 0 40 4 9 0 28 92 19 5 789 4 2 0 1 1 2 0 1 0 0 0 0 0 0 0 5 13 18 122 29 7 14 49 14 17 82 159 81 20 55 275 112 3 0 1 31 7 5 5 5 3 1 0 6 5 1 1 16 26 18 17 29 4 14 9 17 53 45 12 53 33 29 12 34 4 9 2 31 4 17 4 81 1 2 4 33 18 10 6 142
"PD44589_24" 10 14 5 28 5 6 1 21 12 7 0 18 82 16 1 576 4 4 0 10 3 2 0 2 2 2 0 3 5 4 0 7 15 19 78 30 7 17 31 12 28 101 199 112 18 74 333 125 9 3 4 29 5 9 4 16 1 3 4 8 7 3 3 18 30 12 11 35 6 17 11 19 45 41 16 52 21 24 10 21 4 9 5 39 5 28 15 154 2 1 3 47 12 7 2 121
"PD44589_25" 7 16 0 25 3 5 1 28 6 4 2 17 68 10 1 741 2 2 0 4 2 4 0 2 0 1 1 3 3 0 0 5 16 12 116 27 3 14 39 14 20 78 167 52 15 69 238 115 3 4 2 30 1 7 3 15 1 3 2 6 9 3 3 5 24 13 9 20 2 28 8 28 50 42 17 54 27 32 7 21 1 7 0 46 8 45 16 208 2 9 5 46 12 11 2 145
"PD44589_26" 7 17 3 24 16 4 3 24 6 4 0 15 85 10 1 705 3 1 0 7 1 1 0 1 3 0 0 2 6 4 1 8 17 23 122 37 10 19 39 17 25 86 192 87 26 82 354 127 9 7 5 42 2 3 2 6 2 4 2 4 11 1 0 13 33 15 10 18 8 7 8 9 52 33 14 66 23 21 7 18 4 7 1 28 4 7 5 80 2 5 1 16 7 10 6 137
"PD44589_27" 5 15 4 26 10 1 3 39 5 14 1 31 85 13 2 744 3 0 1 3 0 1 0 1 1 2 0 0 1 1 0 8 19 14 104 22 11 10 34 17 16 105 169 87 21 65 272 106 7 2 2 31 1 8 2 7 3 3 0 1 13 2 2 14 29 15 6 17 4 15 5 15 45 33 23 50 25 18 5 23 8 8 1 41 5 26 3 132 0 7 4 38 14 22 2 171
"PD44589_28" 11 25 2 33 15 3 2 37 15 13 0 19 78 21 4 681 5 5 1 7 3 3 0 5 7 3 0 1 7 3 1 12 17 32 124 36 9 26 44 17 20 105 218 89 23 66 308 107 6 8 5 45 3 6 2 7 1 3 0 2 17 2 2 14 28 16 17 21 3 4 7 6 52 32 17 47 25 40 18 30 2 4 4 51 2 5 1 30 1 3 3 4 5 9 5 122
"PD44589_29" 15 26 2 36 14 9 0 43 13 4 2 24 81 37 5 636 9 4 1 12 1 2 2 4 2 1 0 1 5 6 1 12 20 33 108 37 16 17 40 14 23 112 179 66 24 78 313 91 4 5 2 57 2 4 1 3 2 1 3 8 12 4 0 15 27 18 21 17 7 8 8 7 63 31 16 67 35 34 20 29 6 10 5 47 10 4 7 38 4 2 1 6 7 14 1 126
"PD44589_3" 10 25 0 31 10 6 1 32 12 14 1 23 68 18 4 795 2 6 0 1 0 1 0 1 0 4 0 1 2 1 0 3 15 19 131 27 10 18 57 17 20 88 184 81 26 59 264 115 6 2 0 40 3 4 0 2 1 0 0 2 6 4 0 17 32 14 10 24 2 6 6 5 61 40 21 67 17 43 14 29 3 7 1 43 7 7 4 28 1 6 2 10 14 17 4 165
"PD44589_30" 15 27 0 42 12 7 5 39 14 10 2 18 76 26 4 688 6 1 0 6 2 2 0 3 1 1 0 2 5 4 1 7 21 36 117 37 16 12 45 18 19 106 184 85 17 69 264 104 8 2 5 56 0 2 4 4 3 1 2 6 18 3 2 21 38 22 16 23 4 10 11 6 36 35 16 61 36 36 15 28 3 13 6 42 2 5 7 30 1 2 2 7 13 12 1 148
"PD44589_31" 19 32 3 55 16 12 0 30 15 12 1 17 68 31 5 614 5 5 1 3 3 2 2 3 4 5 0 6 6 5 1 21 14 33 120 36 9 27 46 22 31 106 199 68 17 80 305 102 4 7 4 58 3 4 4 7 3 0 2 4 16 4 2 23 30 13 18 25 1 10 10 7 42 33 14 49 29 47 16 25 8 6 3 38 3 4 4 26 2 2 0 4 14 13 4 138
"PD44589_32" 24 26 1 38 11 6 1 34 11 8 3 16 64 21 2 538 6 2 0 7 3 2 0 8 3 6 0 2 2 7 0 9 22 31 112 44 22 36 62 21 31 99 193 74 36 78 352 114 11 9 12 42 4 6 4 5 5 5 4 5 12 3 1 20 39 21 20 25 6 5 9 13 52 34 23 60 28 29 13 23 7 6 2 35 7 5 6 26 3 3 2 4 10 13 5 130
"PD44589_34" 0 0 0 0 0 0 0 0 0 0 0 0 0 0 0 2 0 0 0 0 0 0 0 0 0 0 0 0 0 0 0 0 0 0 0 1 0 1 1 0 0 1 1 0 0 1 1 0 0 0 0 1 0 0 0 0 0 0 0 0 0 0 0 0 0 0 0 0 0 0 0 0 0 0 2 0 0 0 0 1 0 0 0 0 0 0 0 0 0 0 0 0 0 0 0 0
"PD44589_36" 0 0 0 0 1 1 0 3 0 1 0 0 7 0 0 43 0 1 0 0 0 0 0 0 2 1 0 0 0 0 0 0 0 1 8 2 0 0 5 1 0 1 8 2 2 1 13 5 0 0 0 0 0 0 0 0 0 1 0 0 1 0 0 2 2 1 0 1 0 0 0 0 4 2 1 2 0 5 0 0 0 1 0 4 1 0 0 2 0 2 0 0 0 1 0 7
"PD44589_37" 0 0 0 0 0 0 0 0 0 0 0 0 0 0 0 1 0 0 0 0 0 0 0 0 0 0 0 0 0 0 0 0 0 0 0 0 0 0 0 0 0 0 0 0 0 0 0 0 0 0 0 0 0 0 0 0 0 0 0 0 0 0 0 0 0 0 0 0 0 0 0 0 0 0 0 0 0 0 0 0 0 0 0 0 0 0 0 0 0 0 0 0 0 0 0 0
"PD44589_38" 0 4 0 7 1 0 0 6 2 3 0 2 13 1 0 95 1 0 1 0 1 0 0 0 1 0 0 0 0 0 0 0 2 1 19 5 0 1 3 1 0 6 14 6 4 6 29 6 0 0 1 4 0 2 0 0 0 0 0 2 0 0 0 0 0 2 1 2 1 1 0 2 1 1 1 6 5 5 1 3 0 1 0 4 0 0 0 3 0 0 0 0 1 0 0 13
"PD44589_39" 12 13 2 25 12 4 2 32 3 9 2 20 50 18 4 400 1 2 0 2 0 0 1 2 2 1 0 0 2 1 1 5 14 15 78 18 13 18 24 18 13 59 86 47 16 44 156 55 3 3 9 23 0 2 2 3 4 4 1 5 11 5 0 10 11 4 8 9 3 7 6 5 31 18 8 31 15 19 10 7 2 1 1 22 0 1 3 19 0 1 2 2 4 2 0 69
"PD44589_4" 8 15 2 29 10 2 4 44 12 15 0 29 101 19 0 792 1 4 0 2 1 3 0 0 0 1 0 1 2 1 0 5 15 27 123 27 6 16 52 8 29 95 159 86 23 68 315 115 2 6 2 37 1 1 3 4 1 4 0 5 8 1 0 15 30 17 11 19 2 7 2 7 49 26 19 62 26 24 9 26 4 6 2 37 3 4 1 38 2 2 1 8 14 17 2 166
"PD44589_40" 5 6 0 8 2 0 0 6 3 3 0 4 13 4 1 114 0 0 0 2 0 1 0 0 0 0 0 0 2 1 0 1 5 3 20 7 2 5 6 6 1 25 44 13 2 19 63 16 1 1 0 7 0 1 1 0 0 0 0 1 4 0 1 1 5 0 7 5 1 2 2 0 15 9 2 10 2 13 0 8 0 1 0 6 3 0 0 7 0 0 1 1 2 2 0 29
"PD44589_41" 2 3 2 11 2 1 1 4 0 1 1 10 15 3 0 135 0 0 0 1 1 0 0 0 0 0 0 0 1 0 0 1 3 7 23 6 2 2 9 1 3 23 32 21 1 16 71 26 5 0 1 10 0 1 0 1 0 0 0 2 2 1 0 2 4 5 3 5 2 0 0 3 5 7 2 9 5 10 2 7 0 3 1 7 0 1 0 6 0 1 1 2 3 1 0 13
"PD44589_42" 0 0 0 0 0 0 0 0 0 0 0 0 0 0 0 0 0 0 0 0 0 0 0 0 0 0 0 0 0 0 0 0 0 0 0 0 0 0 0 0 0 0 0 0 0 0 0 0 0 0 0 0 0 0 0 0 0 0 0 0 0 0 0 0 1 0 0 0 0 0 0 0 1 0 0 0 0 0 0 0 0 0 0 0 0 0 0 0 0 0 0 0 0 0 0 0
"PD44589_43" 1 1 0 1 0 0 0 2 0 0 0 0 2 0 0 26 0 0 0 0 0 0 0 0 0 0 0 0 0 0 0 0 0 0 2 0 0 0 0 0 1 0 1 1 0 0 7 0 0 0 0 0 1 0 0 0 0 0 0 0 0 0 0 1 1 0 0 1 0 0 0 0 0 0 0 0 0 1 0 0 1 0 0 0 0 0 0 0 0 0 0 0 0 0 0 2
"PD44589_44" 12 15 2 50 14 5 2 74 9 8 1 30 90 19 2 988 4 0 0 1 0 0 0 1 1 1 0 0 1 4 0 6 10 17 58 26 3 12 19 14 24 81 149 74 15 58 149 104 2 2 1 46 0 6 0 5 0 0 0 4 4 2 2 16 27 16 15 19 2 15 7 10 53 47 19 63 27 44 11 27 8 12 5 54 5 15 3 77 2 7 1 16 10 6 3 131
"PD44589_45" 9 7 1 69 19 7 5 88 6 9 0 49 73 31 6 1139 1 0 0 0 0 0 0 0 3 1 0 3 0 1 0 1 16 17 50 29 5 7 9 16 18 77 109 66 18 40 141 95 1 2 0 35 0 3 1 2 0 1 0 3 7 6 1 17 23 21 22 16 5 15 10 5 44 41 20 59 29 43 18 30 2 7 3 54 9 5 4 28 1 4 1 5 7 4 4 141
"PD44589_46" 0 1 0 0 0 0 0 0 0 0 0 0 0 0 0 2 0 0 0 0 0 0 0 0 0 0 0 0 0 0 0 0 0 0 3 0 0 1 2 0 0 3 0 0 0 0 1 0 0 0 0 0 0 0 0 0 0 0 0 0 0 0 0 0 1 0 0 1 0 0 0 0 0 0 0 0 0 0 0 0 0 0 0 0 0 0 0 0 0 0 1 0 0 0 1 3
"PD44589_47" 0 0 0 0 1 0 0 0 0 0 0 0 0 1 0 1 0 0 0 0 0 0 0 0 0 0 0 0 0 0 0 0 0 1 1 0 0 0 0 0 0 0 0 0 0 0 0 0 0 0 0 0 0 0 0 0 0 0 0 0 0 0 0 0 0 1 0 0 0 0 0 0 0 0 0 0 0 1 0 1 0 0 0 0 0 0 0 0 0 0 0 0 0 0 0 0
"PD44589_48" 0 0 0 0 0 0 0 0 0 0 0 0 1 0 0 3 0 0 0 0 0 0 0 0 0 0 0 0 0 0 0 0 0 0 0 0 0 0 0 0 0 0 0 0 0 0 2 0 0 0 0 0 0 0 0 0 0 0 0 0 0 0 0 0 0 0 0 0 0 0 0 0 0 0 0 0 0 0 0 0 0 0 0 0 0 0 0 1 0 0 0 0 0 0 0 0
"PD44589_49" 0 0 0 0 0 0 0 0 0 0 0 0 0 0 0 7 0 0 0 0 0 0 0 0 0 0 0 0 0 0 0 0 0 0 0 0 0 0 0 0 0 0 1 0 0 0 7 0 0 0 0 0 0 0 0 0 0 0 0 0 1 0 0 0 0 0 0 0 0 0 0 0 0 0 0 0 0 0 0 0 0 0 0 0 0 0 0 0 0 0 0 0 0 0 0 0
"PD44589_5" 10 20 2 40 7 4 2 36 15 18 5 26 82 23 4 679 8 2 2 6 2 4 1 5 1 6 0 2 6 2 0 11 21 40 135 38 16 20 34 13 30 77 186 72 12 84 311 92 5 3 1 44 1 6 5 5 2 2 2 2 16 4 6 17 29 11 23 27 11 8 4 12 43 25 13 57 31 42 19 30 6 3 5 40 4 4 3 27 1 2 7 7 14 7 6 146
"PD44589_50" 0 0 0 0 0 0 0 0 0 0 0 0 0 0 0 1 0 0 0 0 0 0 0 0 0 0 0 0 0 0 0 0 0 0 0 0 0 0 0 0 0 0 1 1 0 0 1 0 0 0 0 1 0 0 0 0 0 0 0 0 0 0 0 0 0 1 0 0 0 0 0 0 0 0 0 0 0 0 1 0 0 0 0 0 0 1 0 0 0 0 0 0 0 0 0 1
"PD44589_51" 0 0 0 0 0 0 0 0 0 0 0 0 0 0 0 3 0 0 0 0 0 0 0 0 0 0 0 0 0 0 0 0 0 0 0 0 0 0 0 0 0 0 0 0 0 0 0 0 0 0 0 0 0 0 0 0 0 0 0 0 0 0 0 0 0 0 0 0 0 1 0 0 0 0 0 0 0 0 1 0 0 0 0 1 0 0 0 0 0 0 0 0 0 0 0 0
"PD44589_52" 0 0 0 0 0 0 0 0 0 0 0 0 2 1 0 8 0 0 0 0 0 0 0 0 0 0 0 0 0 0 0 0 0 0 1 0 0 0 1 0 0 0 0 1 0 2 1 0 0 0 0 0 0 0 0 0 0 0 0 0 0 0 0 0 0 1 0 0 0 0 0 1 0 0 0 0 0 1 0 0 0 0 0 1 0 0 0 0 0 0 0 0 1 0 0 1
"PD44589_53" 8 24 1 43 10 6 0 57 14 8 2 34 105 14 1 770 3 2 0 2 0 3 0 1 0 0 0 2 2 0 0 2 17 23 135 30 9 20 56 15 20 90 187 78 23 62 279 126 3 5 2 46 0 1 2 3 0 2 0 5 17 4 3 18 24 14 8 14 3 7 11 5 60 36 15 63 18 31 6 21 4 6 1 43 1 4 3 23 0 5 0 7 10 13 3 146
"PD44589_54" 0 1 0 1 0 0 0 0 0 0 0 1 5 1 0 21 0 0 0 0 0 0 0 0 0 0 0 0 0 0 0 0 0 0 1 0 0 0 1 0 0 3 2 0 0 1 6 5 0 0 0 0 0 0 0 0 0 0 0 1 0 0 0 0 1 0 0 1 0 0 0 0 0 1 0 0 0 0 0 0 1 0 0 1 0 0 0 1 0 0 0 1 0 0 0 4
"PD44589_55" 10 31 1 42 9 2 0 35 9 9 2 17 80 18 4 740 5 3 0 1 3 0 0 2 4 2 0 4 1 2 1 2 20 22 155 34 8 17 55 25 19 90 185 82 19 62 304 119 2 5 3 39 2 0 0 4 2 1 2 3 13 2 1 14 30 12 17 21 5 3 4 6 42 37 15 56 33 47 11 19 6 9 1 36 6 5 5 29 2 8 3 4 15 14 5 146
"PD44589_56" 10 16 3 23 10 5 1 32 14 8 1 18 75 15 5 624 6 1 0 2 0 0 1 3 1 0 0 2 3 2 0 2 11 22 119 23 5 13 34 12 15 69 161 75 18 65 252 94 5 1 2 38 0 0 3 3 1 0 0 5 6 1 0 13 21 7 6 14 3 6 1 7 50 26 12 47 16 32 5 19 5 5 5 40 1 5 1 26 0 9 3 7 19 10 4 120
"PD44589_57" 0 2 0 1 3 0 0 6 0 0 0 7 6 0 0 73 0 0 0 2 0 0 0 0 1 0 0 1 0 0 0 0 3 2 9 4 1 0 1 0 1 5 8 6 0 0 24 8 0 0 0 2 0 0 0 0 0 0 0 0 1 0 0 1 1 1 0 0 1 0 0 0 0 3 0 0 1 1 2 1 1 0 0 2 0 0 0 1 0 0 0 0 0 1 0 8
"PD44589_58" 10 14 2 34 10 6 2 33 6 7 0 34 111 15 2 810 1 0 0 3 1 0 0 0 2 2 0 5 3 2 0 4 13 24 130 34 8 6 39 19 16 87 180 71 20 55 317 130 8 3 1 39 2 3 1 5 2 0 2 5 7 3 3 16 35 11 11 25 2 4 3 6 47 17 17 65 28 28 8 33 3 6 0 42 2 3 3 33 0 2 0 6 17 14 4 157
"PD44589_59" 4 9 2 15 4 3 1 14 7 3 0 8 36 11 1 280 2 1 0 2 3 1 0 1 1 1 0 4 1 1 0 3 10 11 58 22 8 8 26 3 12 38 86 33 12 31 160 47 11 4 5 11 0 3 1 2 1 0 0 2 5 1 2 6 19 10 4 26 2 3 1 4 30 15 4 20 10 13 5 22 1 4 1 20 1 0 3 7 0 2 0 1 4 5 4 73
"PD44589_6" 11 14 2 17 8 3 2 23 10 10 1 10 47 17 2 402 1 0 1 3 2 3 0 5 4 3 0 1 3 3 0 7 9 22 72 23 13 19 24 18 11 53 117 43 15 42 196 62 6 2 3 19 1 0 0 0 1 2 4 4 4 3 1 10 26 16 12 16 0 5 4 6 28 15 17 40 20 26 13 9 5 4 5 24 2 5 5 17 0 2 1 2 7 11 3 107
"PD44589_60" 2 0 1 0 2 0 0 7 1 1 0 4 12 2 0 114 0 0 0 0 0 0 0 0 0 0 0 2 0 0 0 1 2 3 10 4 0 0 5 0 2 5 9 4 1 4 39 12 2 0 0 2 0 0 0 0 0 0 0 0 0 0 0 3 4 2 0 2 1 1 0 1 6 2 3 4 2 2 0 3 1 1 0 5 0 0 0 1 0 1 0 0 3 1 1 10
"PD44589_61" 23 27 3 44 12 14 0 42 16 12 2 23 82 17 0 761 3 1 1 4 4 2 2 5 3 2 1 3 7 2 1 2 21 29 145 35 14 19 46 23 20 90 194 63 16 64 272 109 13 7 2 56 2 4 5 7 2 1 3 7 12 0 4 17 24 14 21 19 3 8 8 7 46 33 11 59 17 26 17 23 6 4 4 44 7 3 3 30 2 5 0 5 15 11 3 99
"PD44589_62" 11 15 0 39 15 4 1 45 13 6 1 21 75 18 6 823 5 2 0 2 0 3 1 3 2 2 0 2 2 1 3 5 13 35 108 35 6 10 36 12 18 123 180 69 12 65 262 104 3 4 2 37 3 5 3 3 0 0 2 2 8 3 2 13 19 11 17 13 4 6 6 4 36 35 13 51 24 28 11 20 5 6 6 53 4 4 3 26 0 5 3 8 8 13 3 138
"PD44589_63" 1 3 1 11 1 1 1 6 1 1 0 2 17 5 0 191 0 1 0 0 0 0 0 0 0 0 0 0 3 0 0 1 3 2 17 8 0 1 11 11 1 16 28 12 7 13 45 20 2 0 0 15 0 0 1 0 0 1 0 1 3 1 0 0 5 3 2 4 1 1 3 0 10 9 0 8 4 9 5 7 0 3 1 4 0 0 0 6 0 0 0 4 4 1 0 28
"PD44589_7" 17 19 0 21 10 5 2 15 11 12 0 19 31 13 1 305 5 2 1 4 5 2 1 7 2 4 1 7 4 1 3 12 15 34 72 28 9 22 36 22 14 65 120 58 15 55 214 84 8 4 1 26 4 4 1 4 2 4 2 7 6 2 2 18 24 11 10 16 6 4 8 6 37 22 14 46 16 23 11 20 5 5 0 39 1 4 3 25 2 7 3 5 8 8 5 96
"PD44589_8" 17 21 5 35 12 6 2 41 16 14 5 17 69 21 3 636 3 2 2 6 0 2 1 4 7 4 0 4 3 3 0 7 21 34 104 47 9 30 46 16 18 105 198 67 24 81 311 104 8 4 3 51 2 5 3 7 3 2 2 4 10 4 1 24 42 16 16 20 7 6 7 8 37 34 16 57 22 32 19 30 6 16 5 49 10 5 7 23 0 5 2 12 9 21 4 141
"PD44589_9" 21 36 6 31 19 10 3 26 15 21 3 22 79 52 4 588 4 2 0 5 0 4 4 4 8 1 1 4 6 7 1 10 17 47 120 29 19 26 37 33 19 110 179 71 26 81 298 105 7 8 5 45 1 1 6 8 2 0 2 4 8 4 1 22 50 20 14 33 11 9 4 7 54 35 20 70 28 32 13 25 3 6 2 43 2 0 4 22 1 7 1 4 15 13 6 108
"PD44590_1" 56 35 5 33 52 14 5 35 49 25 5 26 57 39 5 69 16 6 2 13 4 11 6 6 4 12 1 10 10 9 3 21 63 28 370 44 46 48 190 62 38 43 274 42 39 50 147 44 18 20 15 100 6 3 9 12 7 9 5 13 30 3 7 23 64 20 30 45 17 11 27 17 27 11 18 32 26 24 20 32 6 2 9 8 3 7 6 15 4 3 2 12 13 4 7 26
"PD44590_11" 0 0 0 0 0 0 0 0 1 0 0 0 0 0 0 0 1 1 0 0 0 0 0 0 0 0 0 0 0 0 0 0 0 0 1 1 0 0 2 0 0 0 0 1 0 0 0 0 0 0 0 0 0 0 0 0 0 0 0 0 0 0 0 0 0 0 0 0 0 0 0 0 0 0 2 0 0 0 0 0 0 0 0 0 0 0 0 1 0 0 0 0 0 0 0 0
"PD44590_12" 0 2 1 1 0 0 0 2 1 1 0 0 2 2 0 4 0 0 0 0 2 0 1 0 0 0 0 0 0 0 0 1 0 1 15 0 0 2 13 1 2 2 3 2 1 2 8 1 0 0 0 7 0 0 2 1 0 0 0 1 1 0 0 0 1 1 1 2 0 0 0 0 0 0 0 1 1 1 2 2 0 0 0 0 0 0 1 0 0 0 0 1 1 0 0 2
"PD44590_13" 6 0 0 1 0 0 0 0 1 2 0 1 0 1 0 6 1 1 0 0 0 0 0 0 0 1 0 0 0 0 0 1 1 0 14 2 1 1 6 0 0 2 12 0 2 2 10 1 0 1 1 5 0 0 0 1 0 0 1 1 2 1 0 3 4 0 1 14 2 1 1 2 2 1 4 4 2 1 0 13 0 1 0 0 0 1 0 0 1 0 0 1 1 1 0 6
"PD44590_14" 0 0 0 0 0 0 0 0 0 0 0 0 0 0 0 0 0 0 0 0 0 0 0 0 0 0 0 0 0 0 0 0 0 0 0 0 0 0 0 0 0 0 0 0 0 0 0 0 0 0 0 0 0 0 0 0 0 0 0 0 0 0 0 0 0 0 0 1 0 1 0 0 0 0 0 0 0 0 0 0 0 0 0 0 0 0 0 0 0 0 0 0 0 0 0 0
"PD44590_15" 14 9 1 5 9 2 2 11 6 7 1 5 9 7 1 13 3 4 0 4 0 1 2 2 7 3 0 2 3 7 0 7 9 9 119 12 8 15 68 21 21 10 65 13 4 6 45 12 8 5 3 24 2 5 4 3 1 0 3 2 5 2 2 17 22 6 6 33 7 1 9 4 7 3 3 9 7 6 1 23 2 1 3 1 2 2 5 5 3 1 0 2 5 2 2 16
"PD44590_16" 0 0 0 1 0 0 0 2 1 0 0 0 2 0 0 2 0 0 0 0 0 0 1 0 0 0 0 0 0 0 0 0 0 0 5 2 3 0 8 1 0 1 9 1 1 0 1 1 1 0 0 3 0 0 0 0 0 0 0 0 0 0 0 0 1 0 0 2 2 1 0 1 1 0 0 2 0 0 0 1 0 0 0 0 0 0 0 1 0 0 0 0 0 0 0 0
"PD44590_17" 10 6 1 4 8 2 3 7 13 3 1 5 18 7 2 23 3 0 0 1 1 0 0 0 1 0 0 0 3 3 0 2 10 5 65 7 5 8 21 5 5 7 36 2 5 3 26 7 10 11 3 32 1 0 5 0 1 0 1 7 13 2 1 33 50 20 10 84 7 5 1 3 4 5 2 9 15 11 1 68 1 0 0 2 2 3 0 5 3 0 1 7 10 3 0 40
"PD44590_2" 38 34 10 23 36 17 4 28 34 27 6 31 58 36 10 74 15 8 2 13 8 3 3 13 10 6 2 12 18 9 3 22 55 38 385 47 40 45 181 61 41 50 239 57 44 51 149 43 19 17 10 72 8 8 10 14 7 6 5 5 32 5 9 15 49 24 52 69 17 22 18 23 19 17 15 32 23 18 14 44 5 2 6 17 5 10 13 18 5 2 5 12 10 8 15 30
"PD44590_3" 53 40 10 31 50 22 4 27 39 18 4 23 50 30 10 74 22 7 1 8 6 6 2 16 7 9 0 5 14 9 2 27 69 46 368 49 46 52 173 75 36 54 221 69 34 56 148 64 16 23 17 73 13 3 11 15 9 8 6 12 19 5 6 23 52 12 42 49 19 22 19 18 20 16 17 29 27 35 20 23 2 6 8 14 4 6 3 21 1 7 6 13 8 4 8 24
"PD44590_4" 62 34 6 29 42 22 9 39 43 26 6 24 62 35 12 97 12 14 3 12 9 5 2 5 7 7 2 6 17 6 2 27 58 30 397 35 46 40 196 40 46 41 256 49 45 61 151 46 13 21 9 84 5 5 9 9 2 7 6 9 18 9 7 26 47 17 28 54 24 28 19 18 26 17 12 21 30 18 17 31 6 4 9 12 7 3 5 18 2 5 3 8 6 1 8 36
"PD44590_5" 55 27 1 21 52 9 4 31 49 20 5 28 67 38 8 95 12 13 3 14 4 9 1 15 5 2 1 5 13 7 2 17 68 38 434 46 34 34 203 71 49 42 240 39 31 50 133 53 13 28 11 91 8 6 5 14 7 5 5 10 19 7 4 26 48 19 33 50 20 12 25 15 32 20 24 24 27 17 14 33 2 2 6 8 8 6 6 18 3 2 4 12 7 2 12 16
"PD44590_6" 48 40 2 23 38 18 2 26 51 23 5 31 42 44 16 81 19 7 1 11 11 8 1 12 7 4 2 3 9 5 2 20 51 40 423 50 33 45 221 51 37 59 271 48 52 38 140 40 15 22 12 95 3 12 11 8 2 6 4 12 25 8 5 21 47 24 29 49 26 13 18 27 26 24 28 30 24 23 11 27 6 4 5 15 2 5 6 9 4 1 3 8 3 4 6 21
"PD44590_7" 45 42 3 25 36 25 5 34 30 30 8 25 55 30 6 102 15 12 2 15 14 14 1 7 4 4 1 7 12 4 1 16 51 27 317 56 50 44 180 68 45 52 227 62 42 46 108 65 18 18 14 94 10 8 11 13 5 9 10 10 30 10 6 24 57 36 42 63 25 22 20 26 29 14 19 25 31 30 9 45 8 6 8 14 8 6 7 15 2 3 3 5 14 7 14 27
"PD44590_8" 44 26 8 17 22 20 4 17 21 10 7 17 36 23 11 51 16 5 4 17 12 7 1 15 9 10 0 7 3 11 1 20 55 32 261 59 35 51 119 60 40 59 145 61 35 45 100 44 21 14 11 52 11 12 15 14 2 8 6 6 18 8 7 15 43 16 31 59 24 17 14 19 17 12 13 29 24 23 11 25 7 5 1 10 10 7 6 14 5 2 1 7 8 6 13 29
"PD44590_9" 42 27 7 24 32 12 3 39 32 23 6 16 45 33 6 84 17 8 2 16 5 2 1 6 6 5 2 7 7 6 0 25 63 45 336 45 45 32 182 34 36 58 212 58 38 39 126 39 30 33 13 89 7 7 10 7 2 9 3 10 25 8 6 39 81 40 37 115 21 24 25 27 23 23 16 26 25 28 9 73 9 5 11 4 7 6 16 17 3 4 6 11 13 8 9 46
"PD44591_1" 8 13 1 23 11 6 2 35 17 12 1 19 95 14 2 749 6 0 0 5 0 0 0 1 2 0 0 3 3 8 0 5 14 23 133 37 14 10 43 12 15 95 215 80 36 75 290 124 5 2 1 50 1 3 4 4 5 0 0 2 14 4 1 22 33 19 10 14 2 7 3 7 57 31 20 51 13 34 17 19 4 11 4 38 5 2 1 24 0 8 3 4 17 5 3 159
"PD44591_2" 9 28 1 39 6 5 2 40 8 4 2 19 74 29 3 759 2 3 0 0 2 0 0 0 2 1 0 1 2 3 1 8 17 26 114 33 3 5 53 9 16 91 219 92 21 82 291 133 7 5 0 43 1 2 4 5 2 0 1 3 13 4 1 23 28 9 12 16 8 6 7 3 58 30 12 69 19 28 5 20 7 8 3 40 6 4 2 21 1 2 0 8 9 12 9 166
"PD44591_3" 15 23 3 26 12 5 1 20 17 12 3 24 88 28 1 591 1 2 1 6 2 0 2 1 1 2 0 5 3 2 0 6 14 35 130 32 9 18 49 23 33 102 181 95 27 86 301 137 8 3 3 52 3 4 2 7 1 0 2 7 10 5 1 18 27 14 17 23 5 3 7 4 56 32 20 75 27 26 13 28 4 1 4 40 5 1 6 31 3 7 0 9 19 15 3 174
"PD44591_4" 15 25 1 30 11 8 2 18 11 11 3 11 91 24 3 677 4 0 0 4 3 1 0 4 4 0 0 4 4 4 0 6 15 22 115 35 7 12 54 22 25 91 188 85 37 69 274 163 12 6 5 46 3 6 2 10 1 4 2 6 14 8 4 16 30 7 9 17 1 9 4 10 58 47 8 64 18 28 12 21 7 5 2 30 8 4 5 23 2 8 1 8 21 12 7 176
"PD44591_5" 9 23 2 32 9 5 2 27 11 14 0 25 100 20 5 755 6 1 0 2 1 5 0 1 0 1 0 2 2 1 0 8 18 18 130 29 5 12 50 23 22 88 176 80 24 76 309 136 7 3 1 46 0 2 1 1 0 2 3 4 14 1 0 17 25 15 6 20 5 7 3 5 43 34 14 57 27 28 10 31 5 8 6 41 8 2 2 18 1 3 0 10 18 10 4 167
"PD44591_7" 0 0 0 0 1 0 0 0 0 0 0 0 1 0 0 13 0 0 0 0 0 0 0 0 1 0 0 0 0 0 0 0 0 1 0 0 0 0 0 0 0 0 2 0 0 0 4 0 0 0 0 0 0 0 0 0 0 0 0 0 0 0 0 0 0 0 0 0 0 1 1 0 0 1 0 2 1 0 0 0 1 0 0 2 0 0 0 2 0 0 0 0 0 0 0 1
"PD44591_8" 0 0 0 2 1 0 0 2 0 0 0 0 2 0 0 16 0 0 0 0 0 0 0 0 0 0 0 0 0 0 0 1 0 0 3 0 1 0 0 0 1 1 3 2 0 1 6 1 0 0 0 2 0 0 0 0 0 0 0 0 1 0 0 0 0 1 0 0 0 2 1 0 1 1 1 1 0 1 0 1 2 0 0 0 0 0 0 0 0 0 0 0 0 0 0 1
"PD44591_9" 6 21 1 37 18 5 3 33 11 9 0 21 88 17 5 787 3 2 1 2 2 0 1 1 4 2 1 1 1 2 0 8 22 27 110 30 3 9 47 24 25 95 185 70 21 76 290 145 9 3 7 50 2 1 4 5 1 3 1 5 10 2 0 17 20 16 11 14 4 2 8 5 55 32 13 57 33 27 10 18 3 6 2 40 5 2 3 28 1 3 1 7 12 10 0 160
"PD44592_1" 16 32 1 36 31 24 2 75 17 29 2 18 86 35 2 612 5 6 0 2 2 1 2 4 3 4 1 6 3 2 1 7 18 23 96 28 14 34 44 33 33 90 130 66 25 59 291 110 13 18 3 35 18 9 12 37 5 3 2 5 15 4 4 12 31 13 10 16 9 8 15 17 58 21 16 50 25 22 13 18 7 7 7 38 12 6 5 32 0 3 2 10 15 15 5 138
"PD44592_10" 1 5 0 5 6 6 1 12 4 2 1 10 30 5 1 246 3 1 0 0 0 0 0 1 2 0 1 0 0 0 0 2 2 9 45 14 4 5 24 3 3 25 53 22 5 24 75 21 1 2 2 14 1 1 0 2 0 1 0 1 4 0 1 10 9 3 2 9 0 2 2 1 13 13 7 11 7 13 8 8 3 1 3 18 2 2 0 6 1 2 0 4 7 2 0 59
"PD44592_11" 15 30 4 29 22 18 4 44 18 24 0 26 69 24 5 639 2 3 0 3 3 1 0 2 1 1 1 5 6 5 0 6 12 32 123 30 12 33 57 30 24 80 164 76 19 56 296 92 4 6 2 42 14 20 15 25 4 0 0 4 15 6 5 15 20 11 11 18 7 6 4 9 45 28 21 64 23 35 15 23 7 10 2 36 10 5 7 33 0 3 3 11 25 16 5 164
"PD44592_12" 9 16 1 28 18 15 0 51 17 12 0 21 67 27 5 655 7 4 0 6 2 1 0 0 2 3 1 6 14 2 3 15 21 17 130 28 9 17 70 15 29 94 175 85 36 81 274 108 6 5 5 29 9 12 8 17 1 3 0 5 11 4 3 17 33 14 11 18 8 13 8 11 49 24 10 48 28 29 15 24 3 6 3 46 7 10 3 53 1 5 2 11 20 11 4 140
"PD44592_14" 0 0 0 1 0 0 0 2 0 0 0 0 0 0 0 3 0 0 0 0 0 0 0 0 0 0 0 0 0 0 0 0 0 0 0 0 1 0 0 0 1 0 0 0 0 0 0 0 0 0 0 0 0 0 0 0 0 0 0 1 0 0 0 0 0 0 0 0 0 0 0 0 0 1 0 0 2 2 1 0 0 0 0 0 1 0 0 1 0 0 0 0 0 0 0 1
"PD44592_15" 0 3 0 4 0 0 0 5 0 2 0 1 10 3 0 64 0 0 0 0 0 0 1 1 0 0 0 0 0 0 1 0 0 3 14 2 0 2 1 2 0 4 6 5 1 7 26 8 0 0 0 11 0 0 0 0 0 0 0 1 2 1 0 1 1 0 0 2 0 1 0 0 3 3 0 5 2 3 2 3 0 0 0 3 0 0 0 2 0 0 1 1 0 2 0 10
"PD44592_16" 1 4 1 9 4 0 0 5 1 1 0 6 22 6 2 160 1 1 0 0 0 0 0 0 0 1 1 0 0 0 0 1 2 7 42 6 2 9 9 0 3 13 34 15 4 12 64 24 1 0 1 13 0 0 3 0 0 0 0 1 0 1 0 6 5 4 2 1 0 0 1 1 6 9 3 12 12 8 5 3 2 1 1 10 2 0 1 5 0 1 0 1 3 2 3 48
"PD44592_17" 14 23 1 31 7 3 0 14 9 7 0 11 50 16 1 457 3 2 0 2 0 2 0 3 1 0 0 1 3 2 0 2 9 34 127 23 11 11 48 14 12 67 145 42 23 61 261 78 4 4 0 33 0 0 3 7 2 1 1 2 5 2 1 14 29 6 15 15 5 6 5 4 44 25 11 60 22 23 9 20 6 10 3 33 2 5 5 21 0 1 3 4 20 18 3 134
"PD44592_18" 10 20 2 37 14 3 1 33 8 11 2 18 73 24 1 661 5 1 2 3 3 1 1 1 5 1 0 1 1 2 0 6 16 29 168 31 6 16 62 24 24 68 168 63 26 72 364 126 6 3 2 45 3 1 2 5 0 3 1 3 11 2 0 14 34 15 14 22 2 5 4 8 49 29 15 59 27 30 8 23 9 14 3 61 6 2 3 31 4 5 2 6 19 18 5 153
"PD44592_19" 0 3 1 8 0 0 0 5 0 0 0 2 8 1 1 77 0 0 0 0 0 0 0 0 0 1 0 0 0 0 0 0 0 2 14 2 0 5 5 1 2 8 14 10 1 6 24 6 0 0 0 5 0 0 0 0 0 0 0 1 2 0 0 3 3 1 0 1 0 0 1 0 4 4 2 7 2 7 1 4 0 3 0 3 1 2 1 4 0 0 0 0 0 0 0 15
"PD44592_2" 14 34 2 28 73 59 3 167 42 61 2 25 50 41 0 376 6 4 1 5 11 0 2 12 3 12 0 13 4 7 1 25 13 18 74 30 27 117 24 101 53 61 75 85 20 40 178 69 14 17 9 38 35 51 34 117 7 6 8 12 22 9 11 18 15 5 12 20 21 16 19 32 30 22 6 31 18 22 9 18 8 2 8 28 3 1 9 19 4 5 4 7 8 13 8 101
"PD44592_20" 0 1 0 0 1 0 0 2 0 0 0 0 1 0 0 5 0 0 0 0 0 0 0 0 0 0 0 0 0 0 0 0 0 0 0 0 0 0 0 0 0 0 1 0 0 0 4 0 0 0 0 0 0 0 0 0 0 0 0 0 0 0 0 0 0 0 0 0 0 0 0 1 0 0 0 1 0 0 0 0 0 0 0 0 0 1 0 1 0 0 0 0 0 0 0 1
"PD44592_21" 0 0 0 1 2 3 0 5 0 1 0 2 14 1 0 73 0 0 0 0 0 0 0 0 0 0 0 0 0 0 0 0 2 5 7 1 0 1 5 0 2 6 9 4 0 2 28 5 0 0 0 9 0 0 0 0 0 0 0 0 2 0 0 0 4 3 0 2 0 2 2 0 3 4 2 3 2 2 2 0 0 1 0 3 0 0 0 2 0 0 0 0 0 2 0 11
"PD44592_22" 22 32 0 34 20 16 4 63 23 13 0 20 76 19 3 631 6 3 1 6 2 1 0 1 3 3 0 9 7 3 0 5 21 40 132 36 16 22 56 25 32 91 169 78 17 58 273 110 7 8 3 42 2 9 8 21 1 5 2 3 13 4 3 20 23 11 11 18 7 16 4 6 43 26 10 56 30 26 9 23 6 8 6 48 6 4 6 31 0 4 5 6 18 19 8 153
"PD44592_23" 1 1 0 0 0 0 0 0 0 1 0 0 0 1 0 3 0 0 0 0 0 0 0 0 0 0 0 0 0 0 0 0 1 0 0 0 0 0 0 0 1 0 2 0 0 0 1 0 0 0 0 0 0 0 0 0 0 0 0 0 0 1 0 0 1 1 2 0 0 0 0 0 0 0 0 0 0 2 1 0 0 0 0 2 0 0 0 2 0 0 0 0 0 0 0 2
"PD44592_3" 13 40 2 22 52 52 4 146 49 62 2 35 60 40 1 391 4 5 0 5 1 1 1 8 5 15 2 6 9 4 1 23 13 6 45 18 12 78 33 55 91 63 110 100 23 66 192 74 15 33 12 46 29 39 34 114 5 12 6 11 24 8 6 18 19 10 8 18 20 35 22 31 16 40 6 19 11 19 7 16 4 4 11 24 6 4 13 44 0 6 6 11 13 16 11 78
"PD44592_4" 7 33 0 37 27 24 2 55 26 16 0 17 82 29 3 593 5 1 0 4 2 1 0 1 8 3 0 8 5 2 1 6 18 18 139 44 16 32 36 27 40 79 148 72 23 62 281 114 16 10 5 36 18 12 10 40 2 3 2 5 12 7 1 13 30 19 6 15 7 16 12 7 46 26 17 55 17 28 9 25 3 6 5 66 9 4 2 27 0 2 2 7 14 19 2 158
"PD44592_5" 6 22 2 38 25 26 4 46 17 25 0 24 101 28 0 625 6 4 1 3 5 3 1 4 2 3 0 8 8 4 0 7 19 25 119 23 16 25 47 22 40 82 155 76 22 53 289 102 8 6 5 51 8 12 7 41 5 2 2 8 9 2 2 16 28 13 6 15 9 13 12 17 46 27 18 55 24 29 5 21 6 9 4 52 5 12 7 41 0 3 2 6 7 15 5 141
"PD44592_6" 9 21 1 27 27 28 1 78 28 26 0 17 59 34 2 605 11 0 0 3 1 2 0 4 2 5 1 7 5 5 0 11 19 24 117 26 15 36 35 28 45 81 150 83 28 77 239 95 7 12 5 40 12 16 13 47 4 4 4 10 17 6 0 16 24 14 9 13 13 12 7 19 33 26 13 44 22 24 15 33 7 9 6 46 5 6 5 47 1 3 3 12 21 13 5 159
"PD44592_7" 15 23 1 30 18 11 2 49 14 20 0 16 109 19 3 660 9 1 0 5 4 3 0 3 2 2 0 6 3 1 0 14 16 25 144 25 12 23 51 29 36 69 173 78 20 63 288 94 9 5 5 48 3 10 8 37 2 2 2 7 18 2 1 14 24 18 13 15 7 9 11 11 49 32 15 50 22 25 15 25 7 5 5 37 1 2 7 23 2 6 1 10 15 16 4 156
"PD44592_8" 7 30 1 28 16 22 0 54 15 12 0 27 83 26 1 672 2 2 0 3 2 0 0 4 2 1 0 4 7 4 1 23 18 19 128 31 12 31 37 26 36 71 157 72 36 59 262 120 12 12 2 32 3 10 8 21 5 2 3 7 13 3 2 16 22 21 13 19 8 9 9 14 47 33 16 62 28 41 11 17 11 11 7 38 8 3 6 33 1 4 1 11 16 16 4 145
"PD44592_9" 2 3 0 3 3 0 0 3 3 3 0 1 15 3 0 98 0 0 0 0 0 0 0 1 1 0 0 0 0 0 0 0 1 4 18 3 0 2 9 2 2 9 25 11 1 3 27 11 1 0 0 10 0 2 0 1 1 0 0 2 1 0 0 3 3 3 6 3 0 1 1 2 13 3 4 6 5 4 5 3 0 1 2 10 0 0 1 4 0 1 0 1 2 0 0 29
"PD44593_1" 15 13 0 36 10 5 3 41 8 8 2 22 103 17 3 706 2 3 1 2 1 4 3 0 7 2 0 2 1 1 0 9 19 34 157 32 11 12 42 19 18 74 185 79 17 63 345 120 3 1 2 29 1 2 1 1 0 0 0 2 3 1 3 17 35 10 13 17 8 4 10 6 33 35 15 66 31 29 16 25 5 7 7 53 5 6 5 21 4 7 1 6 17 17 2 161
"PD44593_10" 5 10 0 34 12 3 1 27 6 9 2 11 68 11 3 782 3 1 0 5 3 2 0 2 1 1 1 0 3 1 0 3 14 16 129 21 9 11 37 21 17 83 136 55 13 70 262 117 20 17 2 53 4 1 0 1 1 1 2 10 16 10 4 56 45 22 19 90 8 3 4 9 32 30 16 56 21 26 9 64 9 6 5 30 2 2 4 26 1 6 1 10 13 18 2 192
"PD44593_11" 3 7 0 16 3 1 0 23 5 3 0 9 54 10 2 513 1 3 0 2 0 0 0 1 5 0 0 2 0 1 0 1 6 12 62 13 5 6 22 8 12 45 79 36 14 44 199 67 14 9 1 44 0 2 0 3 0 2 0 5 9 1 0 37 17 16 6 38 3 2 1 1 24 13 5 39 25 18 9 35 6 5 2 28 2 1 5 16 0 3 1 8 18 11 3 123
"PD44593_12" 15 18 0 40 10 1 0 45 13 11 0 12 97 11 3 731 5 1 1 3 1 2 1 2 2 1 0 3 1 1 0 8 16 17 170 20 12 17 43 15 20 65 194 68 31 77 313 116 6 4 1 52 1 0 2 5 0 2 1 2 11 4 2 12 34 16 12 14 6 6 3 11 39 34 20 53 28 38 11 19 5 9 4 43 1 4 5 28 5 5 0 7 15 12 4 171
"PD44593_13" 7 15 2 23 5 5 0 33 8 6 1 16 95 14 3 707 4 0 0 3 1 1 0 2 1 1 0 2 9 3 0 8 25 22 134 26 12 13 61 19 17 87 193 72 33 67 387 127 8 4 3 45 2 1 2 4 0 0 0 4 11 1 0 18 24 16 12 21 6 6 5 5 44 23 11 63 23 25 10 23 4 11 3 50 5 2 2 27 2 5 2 8 16 14 3 156
"PD44593_14" 5 28 1 30 16 4 1 31 6 7 2 15 80 14 0 708 3 3 0 5 0 1 0 1 3 1 1 4 7 0 0 5 17 31 155 34 14 19 58 27 19 97 170 59 30 63 317 133 3 3 2 51 2 1 0 4 1 1 0 2 8 4 3 15 24 18 15 21 7 6 10 2 52 26 15 62 23 43 6 35 4 12 5 44 4 2 4 26 3 10 1 5 16 14 4 156
"PD44593_15" 10 15 0 22 6 0 1 31 9 9 0 21 76 12 0 674 0 0 0 1 0 0 0 0 4 1 0 0 4 1 0 3 10 18 98 29 7 9 34 11 16 59 140 45 13 56 268 113 40 37 5 71 5 0 3 3 3 2 1 18 17 9 3 56 60 33 9 104 6 4 5 5 48 33 17 72 29 25 14 49 14 8 1 45 7 4 1 27 3 3 1 14 21 19 2 218
"PD44593_16" 8 24 2 17 10 3 3 18 6 6 0 13 84 11 0 714 3 1 0 1 0 0 0 1 0 0 0 1 1 0 0 2 9 16 85 33 7 12 32 11 13 69 120 53 19 60 270 106 29 18 9 71 3 4 0 3 1 3 1 9 21 12 2 56 49 27 9 88 3 5 4 8 51 24 15 67 17 33 12 65 7 7 5 38 6 2 6 33 3 3 2 21 35 22 7 240
"PD44593_17" 4 23 1 30 11 5 1 28 6 10 1 19 79 11 3 630 2 0 0 0 0 0 2 1 2 0 0 1 1 3 0 5 15 25 105 28 6 8 41 8 15 62 142 51 14 61 265 107 52 28 1 75 0 0 2 2 4 2 0 8 23 12 2 74 78 25 14 93 7 4 3 2 45 24 8 63 17 29 15 63 5 8 4 52 2 2 4 25 4 2 1 9 26 26 0 223
"PD44593_18" 5 18 2 35 8 5 2 27 8 8 5 12 95 17 5 686 2 0 0 3 3 1 0 2 2 0 0 2 5 0 0 4 12 21 112 32 8 10 41 14 18 71 157 63 18 74 241 112 20 23 2 56 0 1 0 9 1 4 2 9 16 13 3 41 35 32 7 77 6 6 3 7 59 23 14 60 35 28 12 53 8 12 5 48 5 6 2 20 1 3 1 9 22 20 4 211
"PD44593_2" 6 20 1 29 9 7 2 28 11 10 1 16 79 16 7 637 3 1 1 2 1 1 1 1 7 2 0 2 1 2 0 6 22 21 152 37 12 18 62 19 32 84 163 80 21 63 357 128 5 1 3 39 1 3 3 4 1 1 5 8 5 9 2 21 30 17 21 23 9 10 5 6 47 31 12 53 24 27 16 27 5 11 4 48 10 8 1 31 2 6 1 8 23 15 5 172
"PD44593_20" 0 0 0 0 0 0 0 0 0 0 0 0 0 0 0 4 2 0 0 0 0 0 0 1 0 0 0 1 1 0 0 0 1 1 1 0 1 0 0 0 1 0 0 0 1 1 5 1 0 0 0 0 0 0 1 0 0 0 0 0 0 0 0 0 0 0 0 0 0 0 0 1 0 0 0 1 0 1 1 0 0 0 0 1 0 0 0 0 0 0 0 0 0 0 0 3
"PD44593_21" 0 0 0 0 0 0 0 0 0 0 0 0 0 0 0 0 0 0 0 0 0 0 0 0 0 0 0 0 0 0 0 0 0 0 0 0 0 0 0 0 0 0 0 0 0 0 0 0 0 0 0 0 0 0 0 0 0 0 0 0 0 0 0 0 0 0 0 0 0 0 0 0 1 0 0 0 0 0 0 0 0 0 0 0 0 0 0 0 0 0 0 0 0 0 0 1
"PD44593_22" 0 0 0 3 0 0 0 5 0 1 0 3 3 0 0 61 1 1 0 0 0 0 0 0 0 0 0 0 0 0 0 0 0 3 3 0 0 1 1 1 2 2 8 3 0 1 12 5 0 0 0 4 1 0 0 0 0 0 0 0 0 0 0 0 0 1 0 2 1 2 1 0 0 2 2 6 1 6 3 0 1 0 0 2 0 0 0 2 0 0 0 0 0 0 0 7
"PD44593_23" 0 3 1 5 1 0 0 3 0 0 0 3 14 2 1 117 0 1 0 0 0 0 0 0 0 0 0 0 0 0 0 0 2 1 24 3 1 3 6 1 2 9 14 1 5 10 36 18 0 1 0 6 0 0 1 0 0 0 0 0 0 0 0 3 1 3 1 0 2 1 2 0 7 4 1 5 5 6 2 6 4 1 0 4 4 1 0 1 0 1 0 0 1 0 0 12
"PD44593_24" 1 3 1 5 2 1 1 6 0 1 0 3 10 7 0 120 1 0 0 0 0 0 0 0 0 0 0 0 0 0 0 0 2 4 21 7 1 2 8 3 2 17 32 10 6 20 61 17 3 0 0 4 0 1 1 0 0 0 0 2 4 1 0 3 6 4 5 4 0 3 0 4 4 7 1 9 2 7 3 5 0 4 0 15 0 2 1 5 0 0 0 4 2 2 1 22
"PD44593_25" 1 1 1 1 0 0 0 3 0 0 0 2 8 1 0 51 0 0 0 0 0 0 0 0 0 0 0 0 0 0 0 0 0 2 7 0 0 1 0 0 0 4 6 3 0 1 13 4 0 0 0 3 0 0 0 0 0 0 0 0 0 0 0 0 1 1 0 1 0 0 0 0 0 0 0 1 1 2 3 1 0 0 0 3 2 0 0 1 0 0 0 0 1 0 0 8
"PD44593_26" 0 1 0 0 0 0 0 2 1 0 0 0 2 1 0 24 0 0 0 0 0 0 0 0 0 0 0 0 0 0 0 0 0 0 1 0 0 0 2 1 0 1 3 0 0 2 11 0 0 0 0 1 0 0 0 0 0 0 0 0 0 0 1 0 0 0 0 0 0 0 0 0 1 0 0 1 0 0 0 0 0 0 0 0 0 1 0 1 0 0 0 0 0 0 0 1
"PD44593_27" 0 0 0 0 0 0 0 0 0 0 0 0 0 0 0 3 0 0 0 0 0 0 0 0 0 0 0 0 0 0 0 0 0 0 0 0 0 0 0 0 0 0 0 0 0 0 1 0 0 0 0 0 0 0 0 0 0 0 0 0 0 0 0 0 0 0 0 0 0 0 0 0 0 0 0 0 0 0 0 0 0 0 0 0 0 0 0 0 0 0 0 0 0 0 0 0
"PD44593_28" 0 0 0 0 0 0 0 2 0 0 0 0 3 1 0 20 0 0 0 0 0 0 0 0 0 0 0 0 1 0 0 1 1 1 7 1 1 1 4 0 0 1 5 1 1 1 9 7 0 0 0 1 1 0 0 0 0 0 0 0 0 0 0 1 3 0 0 0 0 1 0 0 2 0 0 1 0 1 1 0 0 0 0 1 0 0 0 0 0 0 0 0 1 1 0 5
"PD44593_29" 0 0 0 0 0 0 0 0 0 0 0 0 0 0 0 1 0 0 0 0 0 0 0 0 0 0 0 0 0 0 0 0 0 0 0 0 0 0 0 0 0 0 0 0 0 0 1 0 0 0 0 0 0 0 0 0 0 0 0 0 0 0 0 0 0 0 0 0 0 0 0 0 0 0 0 1 0 0 0 0 0 1 0 1 0 0 0 0 0 0 0 0 0 0 0 0
"PD44593_3" 7 17 5 38 13 5 1 32 5 10 3 24 67 15 1 706 1 0 0 2 1 1 0 4 2 1 0 0 1 2 0 6 20 25 173 33 13 18 42 16 29 83 180 60 27 70 306 148 4 4 1 40 4 1 1 7 1 3 1 5 7 3 1 11 29 11 12 23 4 11 3 4 53 31 12 55 22 24 12 28 5 11 2 57 6 4 8 35 0 7 1 4 17 17 5 180
"PD44593_30" 0 0 0 0 0 0 0 0 0 0 0 0 0 0 0 1 0 0 0 0 0 0 0 0 0 0 0 0 0 1 0 0 0 0 1 0 0 0 0 0 1 1 3 0 0 1 0 1 0 1 0 0 0 0 0 0 0 0 0 0 0 0 0 0 0 0 0 0 0 0 0 1 1 0 0 1 0 0 0 0 0 0 0 0 0 0 0 0 0 0 0 0 0 0 0 0
"PD44593_31" 0 0 0 0 0 0 0 0 0 0 0 0 0 0 0 0 0 0 0 0 0 0 0 0 0 0 0 0 0 0 0 0 0 0 0 0 0 0 0 0 0 0 0 0 1 0 0 0 0 0 0 0 0 0 0 0 0 0 0 0 0 0 0 0 0 0 1 0 0 0 1 0 0 0 0 0 0 0 0 2 0 0 0 0 0 0 0 0 0 0 0 0 0 0 0 1
"PD44593_32" 1 1 0 6 4 0 1 4 0 0 0 2 9 0 1 55 0 0 0 0 1 0 0 0 0 1 0 0 0 0 0 0 1 2 4 2 2 1 2 1 1 6 7 3 1 2 10 6 0 0 0 2 0 0 1 0 0 0 0 0 1 0 0 1 3 2 2 3 0 1 0 0 2 4 3 3 1 3 0 3 0 0 1 2 0 0 0 3 1 1 0 1 0 1 0 7
"PD44593_33" 0 0 0 0 1 0 0 2 0 0 0 2 0 0 0 9 0 0 0 0 0 0 0 0 0 0 0 0 0 0 0 0 0 0 0 0 0 0 0 0 0 0 0 0 0 0 4 0 0 0 0 1 0 0 0 0 0 0 0 1 0 0 0 0 0 0 0 0 0 0 0 0 0 0 0 0 0 1 0 0 0 0 0 0 0 0 0 0 0 0 0 0 0 0 0 0
"PD44593_34" 0 0 0 0 0 0 0 0 0 0 0 0 1 0 0 3 0 0 0 0 0 0 0 0 0 0 0 0 0 0 0 0 1 0 0 0 0 0 0 0 0 1 0 0 0 0 0 0 0 0 0 0 0 1 0 0 0 0 0 0 0 0 0 0 0 0 0 0 0 0 0 0 0 0 0 1 0 0 0 2 0 0 0 0 0 0 0 0 0 0 0 0 0 0 0 1
"PD44593_35" 0 0 0 0 0 0 0 1 0 0 0 1 1 0 0 11 0 0 0 0 0 0 0 0 0 0 0 0 0 0 0 0 0 0 1 0 0 0 1 0 0 1 0 0 0 1 5 0 0 0 0 1 0 0 0 0 0 0 0 0 0 0 0 0 0 0 1 0 0 0 1 0 1 1 1 0 0 0 0 0 0 0 0 1 1 0 1 1 0 0 0 0 0 0 0 1
"PD44593_4" 9 21 1 39 15 4 1 34 10 6 2 21 84 17 3 654 7 0 2 7 0 1 1 2 2 2 0 3 2 0 0 3 13 34 144 27 14 20 51 17 18 65 173 70 22 57 347 113 4 2 2 38 3 5 3 1 0 0 0 2 15 2 2 18 22 17 9 16 7 10 12 4 55 22 19 77 35 23 15 37 9 12 3 50 7 7 6 48 1 3 1 17 17 17 4 183
"PD44593_5" 19 14 1 34 8 4 0 34 20 11 1 22 81 25 2 699 4 6 0 4 2 0 0 1 1 3 0 5 3 4 0 4 19 27 180 25 15 14 66 23 19 91 188 69 26 72 295 106 9 1 0 41 0 2 0 8 3 2 0 6 16 1 2 14 36 10 13 18 5 7 3 9 53 31 14 48 25 32 16 17 5 7 5 45 10 9 2 19 0 6 2 13 17 7 1 163
"PD44593_6" 5 14 0 35 7 2 2 28 19 9 1 20 82 14 4 749 5 3 0 3 2 1 0 2 4 0 0 2 4 2 1 4 15 26 157 36 4 11 39 18 24 74 198 83 28 48 318 126 5 4 1 43 1 2 6 2 3 0 0 4 11 1 3 14 24 21 6 10 5 6 3 9 57 34 15 64 29 42 12 22 6 12 4 45 2 5 3 29 3 7 1 7 11 14 1 162
"PD44593_7" 8 20 3 27 12 7 5 30 7 8 1 17 79 10 1 780 3 0 0 1 0 0 0 0 3 1 0 4 2 1 0 2 11 37 135 33 5 14 46 29 19 79 173 70 16 71 330 130 5 1 3 47 2 2 2 5 0 1 0 8 11 2 3 17 29 9 8 24 8 10 4 7 69 32 14 56 21 30 17 21 4 10 5 41 2 3 2 24 2 3 2 13 9 13 4 165
"PD44593_8" 11 17 1 42 9 2 2 37 9 9 0 25 97 19 2 835 3 2 0 3 1 1 0 0 3 0 0 0 3 2 0 4 14 26 144 30 4 16 34 17 11 87 171 83 28 62 286 107 4 4 1 35 0 2 1 8 2 1 1 1 10 3 2 11 27 13 11 17 4 6 4 5 56 32 21 71 34 37 9 23 6 5 1 44 8 4 3 36 1 5 2 5 8 17 2 138
"PD44593_9" 14 20 3 35 11 5 1 26 10 11 1 22 86 12 5 736 2 0 0 2 1 0 1 3 4 0 0 2 3 1 1 4 10 26 164 36 11 14 66 16 18 82 204 83 19 75 317 115 6 7 1 25 1 1 2 3 1 2 1 5 7 3 2 15 38 19 9 12 8 2 3 5 44 27 17 59 29 30 7 27 10 5 2 42 6 4 2 26 3 7 0 5 13 24 2 153
"PD44594_1" 0 0 0 0 0 0 0 0 0 0 0 0 0 0 0 1 0 0 0 0 0 0 0 0 0 0 0 0 0 0 0 0 0 0 0 0 0 0 0 0 0 0 1 0 1 0 0 0 0 0 0 0 0 0 0 0 0 0 0 0 1 0 0 0 0 1 1 0 0 0 0 0 0 0 0 0 0 0 0 0 0 0 1 0 0 0 0 0 0 0 0 0 0 1 0 1
"PD44594_10" 0 1 0 1 0 0 0 0 0 0 0 1 1 1 0 6 1 0 0 0 0 0 0 0 1 0 0 0 0 0 0 0 0 0 0 0 0 0 0 0 1 3 1 1 0 1 1 1 0 0 0 0 0 0 0 0 0 0 0 1 0 0 0 0 0 0 0 0 0 1 0 0 0 1 1 0 0 1 0 0 0 1 0 1 0 0 0 0 0 0 0 0 0 0 0 0
"PD44594_11" 8 15 2 22 16 6 2 30 5 6 3 8 64 22 6 398 4 4 0 4 2 3 1 3 2 2 0 4 3 3 2 6 16 28 60 29 45 69 23 47 11 32 59 20 44 138 178 107 11 3 9 19 2 4 2 10 3 3 2 3 19 9 4 13 23 6 16 27 2 6 5 3 24 12 16 39 28 22 10 16 10 4 3 37 2 3 5 14 2 0 2 6 19 7 4 158
"PD44594_12" 17 10 1 22 17 9 1 21 5 11 2 4 82 24 4 496 3 1 1 7 0 5 1 3 4 1 0 2 1 7 1 8 17 46 65 36 65 92 38 77 12 57 60 30 73 194 154 132 12 8 8 22 2 4 2 3 1 3 5 6 13 10 3 17 37 11 14 17 2 3 5 9 27 12 11 57 22 15 8 15 4 6 4 40 1 1 5 20 1 6 1 5 33 18 5 177
"PD44594_13" 10 20 3 15 12 7 1 18 9 5 0 18 66 15 1 391 1 5 1 3 5 3 1 6 3 2 2 2 0 7 0 4 12 59 50 37 124 177 45 157 13 75 40 28 143 356 161 236 10 4 7 26 1 2 5 5 3 3 2 2 13 7 1 21 18 6 13 19 14 4 3 9 37 11 5 71 17 14 11 21 10 8 4 43 3 1 5 12 0 0 4 7 19 14 11 125
"PD44594_14" 16 21 2 27 16 2 1 23 8 5 3 12 79 31 4 451 6 4 3 7 1 3 0 3 1 3 0 0 2 5 0 4 16 55 57 39 97 131 41 104 15 61 59 32 131 287 199 170 12 7 5 37 5 6 4 4 2 3 5 5 17 6 2 22 28 6 15 29 5 8 7 13 32 17 8 57 24 29 16 22 8 1 5 53 9 3 6 31 2 1 3 4 25 9 5 140
"PD44594_15" 10 8 2 23 12 4 0 8 5 5 1 5 67 16 2 380 7 1 0 3 3 5 1 1 1 1 0 3 1 1 6 6 11 58 41 26 85 155 56 122 9 56 42 21 141 318 157 209 11 6 9 26 4 4 4 6 1 2 2 2 9 4 1 19 16 8 10 17 5 3 4 6 23 16 7 43 26 9 12 19 2 8 7 33 3 4 4 13 0 1 2 11 20 10 5 125
"PD44594_16" 6 9 2 14 15 2 3 16 11 6 1 8 49 16 2 303 3 0 0 4 1 1 3 3 1 2 0 0 4 1 0 5 6 13 42 21 34 51 16 32 15 37 33 20 43 101 127 65 10 2 4 20 1 1 3 2 3 2 3 3 4 2 4 9 21 7 11 12 5 4 1 7 22 6 8 32 11 9 6 16 3 2 2 29 2 1 3 18 3 1 3 3 12 7 3 103
"PD44594_17" 0 0 0 0 1 0 0 0 0 0 0 0 0 0 0 0 0 0 0 0 0 0 0 0 0 0 0 0 0 0 0 0 0 0 0 0 0 0 0 0 0 0 0 0 0 0 0 0 0 0 0 0 0 0 0 0 0 0 0 0 0 0 0 0 0 0 0 0 0 0 0 0 0 0 0 0 0 0 0 0 0 0 0 0 0 0 0 0 0 0 0 0 0 0 1 1
"PD44594_18" 0 0 0 0 0 0 0 0 0 0 0 0 0 0 0 1 0 0 0 0 0 0 0 0 0 0 0 0 0 0 0 0 0 0 0 0 0 0 0 0 0 0 1 0 0 1 0 0 0 0 0 0 0 0 0 0 0 0 0 0 0 0 0 0 0 0 0 0 0 0 0 0 0 1 0 0 0 0 0 0 0 0 0 0 0 0 0 0 0 0 0 0 0 0 0 1
"PD44594_19" 0 1 0 1 1 0 0 3 0 0 0 0 2 0 0 15 0 0 0 0 0 0 0 0 0 0 0 0 0 0 0 0 2 0 1 0 1 0 2 1 0 2 3 0 1 0 3 2 1 0 0 2 0 0 0 0 0 0 0 0 1 0 0 0 0 0 1 0 0 0 1 0 0 0 0 1 1 2 1 2 0 0 0 0 0 0 0 1 0 0 0 1 1 0 0 2
"PD44594_2" 0 0 0 0 0 0 0 0 0 1 0 0 1 2 0 4 0 0 0 0 0 0 0 0 0 0 0 0 0 0 0 0 0 0 1 0 0 0 1 0 0 0 0 1 0 0 3 0 0 0 0 0 0 0 0 0 0 0 0 0 0 0 0 0 1 0 0 0 0 0 0 0 0 0 0 1 0 0 1 0 0 0 0 2 0 0 0 0 0 0 0 0 0 0 0 1
"PD44594_20" 0 0 0 0 0 0 0 0 0 0 0 0 1 0 2 0 0 0 0 0 0 0 0 0 0 0 0 0 1 0 0 0 0 0 0 0 0 0 0 0 0 0 0 0 0 0 0 0 0 0 0 0 0 0 0 0 0 0 0 0 0 0 0 0 0 0 0 0 0 0 0 0 0 1 0 0 0 0 0 1 0 0 1 0 0 0 0 0 0 0 0 0 0 0 0 0
"PD44594_22" 1 0 0 1 1 0 0 0 0 0 0 0 0 0 0 4 0 0 0 0 0 0 0 0 0 0 0 0 0 0 0 0 0 0 0 0 0 0 0 0 0 0 0 0 0 0 0 0 0 0 0 0 0 0 0 0 0 0 0 0 0 0 0 0 1 0 0 0 0 0 0 0 0 0 1 1 0 1 0 0 0 0 0 1 0 0 0 0 0 0 0 0 0 0 0 0
"PD44594_23" 0 0 0 0 1 0 0 0 0 0 0 1 0 0 0 3 0 0 0 0 0 0 0 0 0 0 0 0 0 0 0 0 0 0 0 0 0 0 0 0 0 0 0 0 0 1 1 0 0 0 0 0 0 0 0 0 0 0 0 0 0 0 0 0 0 0 0 1 0 0 0 0 0 1 0 1 0 2 1 1 0 0 0 0 0 0 0 0 0 0 0 0 0 0 0 1
"PD44594_25" 0 0 0 0 0 0 0 0 0 0 0 0 0 0 0 1 0 0 0 0 0 0 0 0 0 0 0 0 0 0 0 0 0 0 0 0 0 0 0 0 0 0 0 0 0 0 0 0 0 0 0 0 0 0 0 0 0 0 0 0 0 0 0 0 0 0 0 0 0 0 0 0 0 0 0 0 0 0 0 0 0 0 0 0 0 0 0 0 0 0 0 0 0 0 0 0
"PD44594_27" 0 0 0 0 0 0 0 0 0 0 0 0 56 0 97 5 0 0 0 0 0 0 0 0 0 0 0 0 0 0 0 0 1 0 0 0 2 0 0 0 0 0 0 0 4 0 0 0 0 0 0 0 0 0 0 0 0 0 0 0 0 0 0 0 0 0 0 0 0 0 0 0 0 0 0 0 0 0 0 0 0 0 0 0 0 0 0 0 0 0 0 0 0 0 0 0
"PD44594_28" 0 0 0 0 0 0 0 0 0 0 0 0 57 3 81 6 0 0 0 0 0 0 0 0 0 0 0 0 0 0 0 0 0 0 0 0 6 0 0 0 2 0 0 0 4 0 0 0 0 0 0 0 0 0 0 0 0 0 0 0 0 0 0 0 0 0 0 0 0 0 0 0 0 0 0 0 0 0 0 0 0 0 0 0 0 0 0 0 0 0 0 0 0 0 0 0
"PD44594_29" 0 0 0 0 0 0 0 0 0 0 0 0 17 3 18 3 0 0 0 0 0 0 0 0 0 0 0 0 0 0 0 0 0 0 0 0 4 0 0 0 0 0 0 0 1 0 0 0 0 0 0 0 0 0 0 0 0 0 0 0 0 0 0 0 0 0 0 0 0 0 0 0 0 0 0 0 0 0 0 0 0 0 0 0 0 0 0 0 0 0 0 0 0 0 0 1
"PD44594_3" 0 0 0 0 0 0 0 1 0 0 0 0 0 0 0 0 0 0 0 0 0 0 0 0 0 0 0 0 0 0 0 0 0 0 0 0 0 0 0 0 1 0 1 0 0 0 0 0 0 0 0 0 0 0 0 0 0 0 0 0 0 0 0 0 0 0 0 0 0 1 0 0 0 0 0 0 0 0 0 0 0 0 1 0 0 0 0 0 0 0 0 1 0 0 2 1
"PD44594_30" 0 0 0 0 0 0 0 1 0 0 0 0 0 0 1 6 0 0 0 0 0 0 0 0 0 0 0 0 0 0 0 0 0 0 0 0 0 0 0 0 0 1 0 0 0 1 0 2 0 0 0 0 0 0 0 0 0 0 0 0 0 0 0 0 1 0 0 0 0 1 0 0 0 1 1 2 0 1 0 1 0 0 0 1 0 0 0 0 0 0 0 0 0 0 0 4
"PD44594_32" 0 0 0 0 0 0 0 0 0 0 0 0 0 0 0 0 0 0 0 0 0 0 0 0 0 0 0 0 0 0 0 0 0 0 0 0 0 0 0 0 0 0 0 0 0 0 0 0 0 0 0 0 0 0 0 0 0 0 0 0 0 0 0 0 0 0 0 0 0 0 0 0 0 0 0 0 0 0 0 0 0 0 0 0 0 0 0 0 0 0 0 0 0 0 0 1
"PD44594_33" 0 0 0 0 0 0 0 1 0 0 0 1 0 0 0 8 0 0 0 0 0 0 0 0 0 0 0 0 0 0 0 0 0 0 0 0 0 0 1 0 0 0 1 0 0 0 1 0 0 0 0 0 0 0 0 0 0 0 0 0 0 0 0 0 0 0 1 0 0 0 0 0 0 0 0 0 0 0 0 0 0 0 0 1 0 0 0 0 0 0 0 0 0 0 0 2
"PD44594_34" 0 0 0 0 0 0 0 0 0 0 0 0 1 0 0 6 0 0 0 0 0 0 0 0 0 0 0 0 0 0 0 0 0 0 0 1 0 0 0 0 0 0 0 1 0 0 0 0 0 0 0 1 0 0 0 0 0 0 0 0 0 0 0 0 0 0 0 0 0 0 0 0 1 0 0 0 0 0 0 0 0 0 0 0 1 0 0 0 0 0 0 0 0 0 0 2
"PD44594_35" 0 0 0 0 0 0 0 0 0 0 0 0 0 0 0 1 0 0 0 0 0 0 0 0 0 0 0 0 0 0 0 0 0 0 0 0 0 0 0 0 1 0 0 0 0 0 0 0 0 0 0 0 0 0 0 0 0 0 0 0 0 0 0 0 0 0 0 0 0 0 0 0 0 0 0 0 0 0 0 0 0 0 0 0 0 0 0 0 0 0 0 0 0 0 0 0
"PD44594_36" 0 0 0 1 0 0 0 0 0 0 0 0 0 0 0 2 0 0 0 0 0 0 0 0 0 0 0 0 0 0 0 0 0 0 0 0 0 0 0 0 0 0 1 1 0 0 0 0 0 0 0 0 0 0 0 0 0 0 0 0 0 0 0 0 0 0 0 0 0 0 0 0 0 0 0 0 0 0 0 0 0 0 0 0 0 0 0 0 0 0 0 0 0 0 0 0
"PD44594_37" 2 1 0 0 2 1 0 3 0 0 0 2 5 1 0 51 0 0 0 0 0 0 0 0 0 0 1 0 0 0 0 0 1 1 7 1 0 3 5 2 1 3 4 2 2 4 24 7 1 0 0 3 0 0 1 0 0 1 0 2 0 0 1 1 4 2 1 1 0 0 0 0 4 3 1 3 1 4 2 1 0 2 1 3 0 0 1 1 0 0 0 0 3 0 0 9
"PD44594_38" 5 4 1 5 4 3 0 6 1 2 1 0 17 4 1 115 0 2 1 0 1 1 1 0 1 0 0 1 2 1 0 2 7 10 19 9 11 18 12 15 2 10 18 4 10 28 44 22 0 1 1 8 1 1 1 2 3 0 0 3 6 0 1 6 6 2 5 9 2 2 0 2 11 5 1 15 3 3 2 5 1 2 0 6 4 2 2 4 0 1 0 2 5 2 1 36
"PD44594_39" 0 0 0 0 0 0 0 0 0 0 0 0 0 0 0 2 0 0 0 0 0 0 0 0 0 0 0 0 0 0 0 0 0 0 0 0 0 0 0 0 0 0 0 0 0 0 0 0 0 0 0 0 0 0 0 0 0 0 0 0 0 0 0 0 0 0 0 0 0 0 0 0 0 1 0 0 0 0 0 0 0 0 0 0 0 0 0 1 0 0 0 0 0 0 0 0
"PD44594_4" 0 0 0 1 0 0 0 0 0 0 0 0 0 0 0 4 0 0 0 0 0 0 0 0 0 0 0 0 0 0 0 0 0 0 0 0 0 0 0 1 0 0 0 0 0 0 0 0 1 0 0 0 0 0 0 0 0 0 0 0 1 0 0 0 1 0 0 1 0 0 0 0 0 1 0 0 0 0 0 0 3 0 1 0 0 0 0 0 0 0 0 0 2 0 0 0
"PD44594_5" 0 0 1 0 2 0 1 1 1 0 0 0 11 6 14 2 0 0 0 0 0 0 0 0 0 0 0 0 0 0 0 0 1 0 0 0 3 0 0 0 3 0 0 0 0 0 0 1 0 0 0 0 0 0 0 0 0 0 0 0 0 0 0 1 0 0 0 0 0 0 0 0 0 0 0 0 0 1 0 0 0 0 0 0 0 0 0 0 0 0 0 0 0 0 0 0
"PD44594_6" 0 13 0 0 4 1 0 0 1 0 0 1 68 22 51 22 0 0 0 0 0 0 0 0 0 0 0 0 0 0 0 0 10 0 1 1 11 0 1 1 5 0 0 0 13 0 1 0 0 0 0 0 0 0 0 0 0 0 0 0 0 0 0 0 0 0 0 0 0 0 0 0 0 0 0 0 0 0 0 1 1 0 0 0 0 0 0 0 0 0 0 0 2 0 0 0
"PD44594_7" 1 12 0 0 2 1 0 3 1 0 0 0 45 6 30 9 0 0 0 0 0 0 0 0 0 0 0 0 0 0 0 0 1 0 1 1 6 0 0 0 3 0 1 0 6 0 0 0 0 0 0 0 0 0 0 0 0 0 0 0 1 0 0 0 0 0 0 0 0 0 0 0 0 0 0 0 0 0 0 0 0 0 0 0 0 0 0 0 0 0 0 0 0 0 0 0
"PD44594_8" 0 20 0 0 1 0 2 0 1 1 0 0 33 8 29 22 0 0 0 0 0 0 0 0 0 0 0 0 0 0 0 0 2 1 0 0 8 0 0 0 0 0 0 0 6 0 1 0 0 0 0 0 0 0 0 0 0 0 0 0 0 0 0 0 0 0 0 0 0 0 0 0 0 0 0 0 0 0 0 0 0 0 1 0 0 0 0 0 0 1 0 0 0 0 0 0
"PD44594_9" 0 0 0 0 0 0 0 0 0 0 0 0 9 3 4 0 0 0 0 0 0 0 0 0 0 0 0 0 0 0 0 0 0 0 0 0 0 0 0 0 0 0 1 0 2 0 0 0 0 0 0 0 0 0 0 0 0 0 0 0 0 0 0 0 0 0 0 0 0 0 0 0 0 0 0 0 0 0 0 0 0 0 0 1 0 0 1 0 0 0 0 0 0 0 0 0
